7697
-561
11
7175
8347
4205
2205
4185
-997
4117
5253
359
2059
5565
8757
7605
1759
2483
7365
3439
6991
5297
2099
2557
2075
6147
203
7815
4483
-155
1217
3969
5771
289
3009
5917
431
7743
7833
6445
3839
-563
5457
7823
-985
5435
775
701
411
-899
6635
2931
3269
4363
5675
5181
-193
9
4173
439
6753
-553
7907
297
5525
6301
2335
383
691
5637
6393
263
8983
4719
5205
7641
1717
3939
329
1237
1795
3971
7931
8173
2025
8043
871
-821
-479
4217
217
6163
5203
8801
-613
783
3949
2967
7939
8679
5895
2813
159
3801
3401
1755
6913
4749
6027
515
4935
4517
-243
337
2823
-885
8819
8659
3935
5557
3715
749
5469
4293
719
5685
7641
-893
2841
5391
1473
2025
-953
-813
261
8871
6579
7381
4469
-623
5595
5495
3
6377
15
2101
5319
6259
7437
101
4895
-733
8181
1841
3735
2947
1545
4811
6591
3053
8827
-857
4343
1983
1027
7629
-113
1545
-105
4693
5643
5703
6529
-503
1607
3819
4259
-19
933
2891
3009
-123
1825
2923
1523
8495
4879
4391
633
717
4999
6569
39
2157
-773
513
5611
3491
613
8233
-71
-305
3219
-265
4395
7995
7637
6831
1213
617
2643
4509
1467
345
2209
4825
7699
4881
3881
4199
-551
1225
3601
7617
1463
7249
-721
1259
-465
2707
7345
1539
8565
7453
4269
7823
8555
2905
4755
3657
8505
7027
3659
251
4327
8263
7923
1959
-495
1181
569
-29
-931
8193
6873
203
2451
2783
6189
111
2597
5363
4613
4509
1019
6189
1301
-735
7409
7489
4761
2937
1853
7059
4065
8023
41
4093
6383
7431
8139
6895
5575
1765
3797
-895
3907
903
2663
6311
-753
639
2577
555
4791
3519
8483
6331
125
3645
3703
-875
6619
1769
8067
8395
2993
5741
2557
8871
1103
-947
4851
2621
1711
5945
2219
3457
4973
6277
1469
7395
383
2317
8283
4151
8079
4671
3953
7527
879
7511
4929
1779
3969
2105
41
8419
-875
-605
3583
1651
669
813
4197
-11
8331
5069
2305
-929
39
1459
1685
6675
7651
8183
-103
8359
4779
3301
5321
7127
3545
3919
2715
3753
3767
393
6655
-31
4859
2201
7741
1793
-971
1255
3763
4229
5237
7843
1853
653
5161
2635
1613
8237
1495
6389
8011
8723
7925
2331
5569
7575
1059
5541
85
8495
4273
6669
8855
2951
6371
-683
5633
3601
577
6057
5847
-105
641
3535
7871
6283
8761
4813
6661
3141
3445
-677
249
2095
5185
777
465
3167
5721
-457
-133
6513
3117
8189
8243
4589
967
921
5669
325
6127
4193
327
1301
7665
637
5827
701
5907
4515
3719
6875
5581
3537
5835
4269
143
5317
3601
4103
6539
8347
-463
2093
-437
39
-789
3659
7343
655
3771
4287
-815
7589
4749
-423
1039
1787
3
-847
143
3925
-227
-439
6779
801
6829
-523
7227
5511
2667
-937
8405
-473
3827
5729
4445
7055
8435
1161
7689
1919
8597
8437
1771
-187
8295
5669
6931
7849
1693
35
433
753
5997
2757
997
6273
527
5779
-799
5885
8267
7661
-73
5207
6925
-213
6461
8339
-197
8287
273
7133
4317
3011
1623
1561
3447
6197
7425
359
1647
5019
2227
1187
-799
919
-433
7747
1021
35
-895
6049
3381
8739
687
771
1661
1757
3125
6735
463
8007
7303
6705
2527
3345
137
-123
3615
4581
4243
7127
1373
1131
3049
-71
-719
8337
-433
4809
4825
-415
7535
1121
4173
8381
5427
8077
5545
5245
4329
1325
8647
8985
2203
6265
4381
2407
4823
417
1135
6289
8635
845
2403
8427
4631
7129
4597
8957
941
1921
7597
841
7383
8381
1365
63
1899
4825
3801
301
515
3269
1215
5967
7463
1379
5507
757
21
1505
5269
3229
-533
511
-597
-71
3345
4129
1645
281
-881
6121
1515
4345
207
2817
7387
-581
-991
205
-925
4559
49
4907
1217
-803
-353
4957
8299
5837
8233
5325
1355
2075
487
1295
5491
1333
8525
1093
3401
1253
903
5907
5141
5137
4471
2497
5027
-705
2593
221
5261
6027
1197
5161
4123
2917
5461
1637
8137
1059
8359
4037
4835
6159
1985
1885
5585
5377
6247
4247
4245
8845
8913
-709
4311
4111
2669
5343
8761
7915
6799
819
1225
4659
-879
7031
1635
637
3127
3441
6367
773
2587
5131
6319
6437
7405
1307
2841
1385
4879
6817
8385
6943
6115
-239
1167
-333
537
3627
7673
877
189
6577
207
7699
8271
6987
379
2911
5
-961
7087
3
6977
2815
4831
6045
599
4285
7291
7643
5005
3403
303
7493
2331
2741
2475
1405
5953
749
1523
3569
749
5873
2217
917
3855
1477
-687
443
3777
207
7733
3717
7903
6905
3017
6239
-449
159
3787
1269
8121
1809
-281
-751
3455
6051
3073
4699
2115
1143
2341
971
7017
3421
-615
1837
5933
8963
4961
3931
6911
1257
385
605
7605
8121
3333
6391
2921
3115
6279
3687
-973
311
-765
6883
2199
4583
8943
6309
8723
3815
5749
3947
1929
7749
5825
3179
2991
1699
2343
3585
7279
1407
8247
1629
3777
8279
4209
1645
6507
5083
2181
5281
-277
4841
763
5347
1335
5271
7965
4883
7641
307
2667
733
4093
2089
8127
283
6579
-661
7215
6747
2243
1305
3815
-281
2353
-85
8283
-975
3173
7585
6143
1569
-713
4659
2895
7849
2233
7105
-715
4813
1035
-937
2429
4795
-971
-925
741
3277
2495
4745
1621
4697
57
5987
3845
157
1293
5119
-993
3483
2057
705
3271
8037
1223
-479
8005
2257
7877
4271
-673
119
4695
6225
-731
4175
3233
-927
187
3451
5839
375
8819
6393
-245
1027
107
4725
-281
1539
6283
4175
6767
-631
4115
5221
2441
1275
6221
-445
3041
389
7163
8077
-1
-259
2009
1225
4291
475
4173
3681
1893
303
8017
4235
1217
3335
-123
113
1571
1581
2149
3627
795
8381
8917
1587
2207
2803
-515
297
795
-361
257
391
7187
613
4347
4905
3173
6219
1463
5037
4809
6219
6283
5999
1119
-447
599
3317
7023
4163
6107
3397
875
6721
8829
1343
4131
6991
4365
6409
3049
637
101
5077
5395
2353
2975
5225
1397
4739
239
2209
7379
8899
6075
2499
1405
5663
2977
1699
2429
4051
2451
7043
-539
6137
1735
-737
8797
2571
-467
-683
5277
1157
1387
6481
1765
5707
1979
7371
3431
8445
3019
4847
7203
-351
5189
3241
-537
2787
7799
5119
4057
661
1109
6607
4515
2497
687
1843
4017
6749
8671
3915
1223
8195
-143
2977
4089
4277
8349
2637
6629
5509
7765
6757
635
4695
953
2321
4681
53
999
6717
5067
8081
1375
1263
6073
3471
1655
7037
2597
943
297
6057
-795
4507
3991
3739
405
-309
8979
8917
2565
943
-813
-829
347
7533
3991
4661
1361
1421
149
3731
-923
3423
8397
7761
4385
4493
777
813
5183
8701
7525
6849
-831
2237
4197
2501
2393
3859
5143
6533
8947
8435
-135
1461
8545
6373
-187
8609
2039
-681
5693
3861
7727
7673
5709
653
1
5855
1481
5661
185
6721
1607
1121
953
8497
27
1409
7289
7241
7037
2075
1215
1301
6645
4775
1553
-915
7429
3901
3609
7669
2987
5767
3429
4735
1405
-529
8069
525
5283
-7
315
6245
3
6057
2169
535
1333
7215
6977
1639
5367
-675
2697
-897
-191
4539
-231
4763
4891
8807
8237
-195
4977
-257
-265
5577
363
405
3861
6009
1461
7733
7997
8239
1961
5643
2481
2495
4725
-127
5495
5613
7021
5955
2777
6293
3569
-561
2113
805
1543
8645
8431
6257
1469
69
3853
7601
7419
5183
-743
2727
8397
7375
2819
141
6623
8473
3351
6841
8407
-87
1521
8637
1809
5087
1673
4591
7999
5781
1697
-647
6901
1489
1605
8621
255
8989
-619
6129
8565
3723
3629
-451
123
303
755
6249
2325
4963
2031
7631
749
7211
8083
-317
7605
7407
5461
4637
4795
6259
1911
8857
6723
851
909
3405
5765
3657
8929
6433
4707
7481
2717
3975
8951
-545
1871
2953
-959
-61
5795
1725
8947
1683
587
2827
-109
-653
6655
2753
2677
3311
4803
6861
6369
2251
-455
6583
-651
7299
1011
7413
1881
1329
2241
5509
4957
1755
3235
6945
4099
7931
8827
8829
8535
2581
3685
7237
-265
7901
4951
3335
8345
8823
4045
2125
6597
5547
8503
7413
885
1447
7045
7259
169
667
1995
7661
-55
2617
8233
8095
1343
-25
8527
1623
1025
1105
6329
7283
-871
4905
4451
-121
7553
179
6677
2351
1843
-799
3705
6127
8831
5621
2167
4047
-371
1569
3079
1907
2781
1407
2027
3697
7857
407
6377
7585
7957
6757
3805
1619
749
6703
3661
5971
975
7809
699
5291
-783
8349
2499
5501
-951
-561
-11
5107
4577
6591
8389
3127
707
3031
7039
989
783
3959
4753
3657
-37
5045
6555
6349
287
7457
209
6957
2273
2865
8651
8205
7485
1429
4359
4719
3195
6499
6469
2113
8677
2253
4063
4543
2053
3603
421
-265
1553
2433
5389
4035
8487
7321
2779
4599
-247
1127
2763
3779
7717
-219
2911
981
-849
593
-629
1689
-883
6819
5827
799
5977
1501
1197
2617
-17
4449
6089
4187
-467
5505
-171
4299
6893
917
3457
8781
6547
5661
4251
5307
1811
3165
3709
1653
-801
1075
2633
415
6451
2655
6407
-199
4425
815
6545
7005
1377
-355
1103
7141
89
6631
7135
3823
2409
4351
2509
8415
7543
2845
-591
8007
8223
4041
2593
1425
2283
5101
3303
2763
4341
1555
3035
1401
7789
1095
2641
6133
5127
-939
3443
3173
2665
7695
7969
5053
-777
8409
7671
4679
3413
1649
-51
6823
1103
-725
1389
603
8827
665
689
8543
7291
3327
1741
3537
5037
3385
7331
7091
5623
1811
2923
659
-525
5965
-511
2329
4515
1179
7561
4509
7093
-705
1395
1515
2659
8633
8057
8603
5159
6733
523
961
799
1485
7787
4691
6597
7405
8707
975
-969
2639
5133
1619
4133
6333
-319
5571
4299
155
887
-195
6775
3013
-361
5933
-997
621
1819
1391
6197
7457
7529
1285
5313
1593
5157
305
8551
-415
1135
693
1419
5703
1321
2989
425
2897
4253
7413
-697
4717
2605
433
2587
1675
867
6553
5903
8089
2967
8585
2681
309
4497
1195
529
3269
-573
7675
41
605
8553
2773
981
-915
7905
-165
2233
8487
6699
1295
5209
8489
4513
3069
3791
2589
2721
1087
313
-837
-49
2709
7605
2951
717
1019
3947
5349
1171
269
179
1989
1033
5803
3203
7611
1449
2203
1423
2601
3041
6349
-11
6163
1475
-767
7005
-603
4661
2075
73
8689
4039
749
6387
-827
8045
7541
4275
2395
853
2311
2721
845
3039
1145
2651
5871
5691
-395
-503
1635
-427
2457
6137
3107
6335
-975
-257
1173
8883
4037
-815
8575
4209
927
4741
3437
6429
1649
6897
1255
4547
737
3797
1567
6047
4233
139
-737
8649
3361
65
5173
3017
1977
4735
1947
8797
8779
1961
4559
1215
1289
5971
1449
4263
5199
6603
6555
6481
7339
5855
5389
-305
7339
-867
4481
2009
3921
-911
8769
3155
8609
7007
8031
3099
127
3625
5385
4197
305
6053
7319
-987
3349
4595
1917
2479
2181
3189
6887
-575
6287
6857
8065
6853
7891
-999
2573
321
5437
383
7195
1675
7393
4755
-143
6471
3951
5761
4531
7669
2279
-435
5007
3501
6107
6409
813
-521
4037
955
4253
5821
-633
3013
7689
5249
7141
1641
3185
7841
3103
7197
8465
4707
5835
6517
8113
255
2653
4949
769
-799
-679
2427
3345
1133
8341
967
1959
2027
3167
3627
8323
2803
125
1787
3333
-959
7975
709
7
1139
7229
5567
4625
7337
8643
8559
4099
2189
8987
6103
4117
719
2141
6535
8415
6389
3393
1005
8705
2207
-177
3453
-249
303
8381
7839
2851
5357
1467
4825
5811
4353
-511
3413
3657
5841
59
5413
1109
8571
685
4447
8927
6055
4263
1465
7071
1085
7623
1067
-447
5707
-703
5003
6581
1703
8189
7909
8291
6019
337
-379
3275
2017
1159
6817
563
7087
7377
365
5
7589
-97
1147
8505
631
8237
2349
2255
2887
5957
3645
695
3695
3309
1265
4325
-569
6851
7535
1647
2739
6005
8811
965
-497
891
5149
795
5189
4167
3251
7207
1311
7529
7749
3177
3511
3315
1365
-461
-371
2271
6919
123
-475
6523
4489
5233
1447
5549
8967
2349
8247
4881
7007
5123
1759
8675
5265
4453
-651
6755
5123
3997
8351
8141
7153
5965
1373
4797
6755
8251
1021
3425
-989
6993
7491
5225
3637
8987
8845
2615
-557
8115
2537
-995
-183
1821
1819
971
8111
3615
6331
8121
141
8967
8153
1837
2281
-941
29
-129
7559
3049
7263
6147
5509
-63
8953
-157
5053
4331
1627
7779
2399
1205
8769
5723
6839
1421
1181
3591
3611
2379
853
7649
3459
703
5521
4479
7557
7039
8205
4183
603
2199
431
8255
-453
2351
6913
1001
8169
2399
6101
951
301
5197
6451
4341
-885
1587
-403
3753
3783
7319
2077
8231
7383
-987
3535
2297
6187
8791
6103
7801
2865
769
7755
2253
-657
4959
1567
7201
-685
1175
2077
-985
4037
4465
663
-991
8141
7387
4521
7683
881
6667
6717
8023
8313
8691
4797
139
7041
815
3831
8069
1617
7669
7219
2325
3219
7099
-721
2403
1165
1581
-27
3605
7153
6523
2629
5991
353
4793
-717
1719
2797
1753
2201
3297
-615
5277
6363
5487
-981
1469
-623
1269
6451
2967
2037
5589
7803
657
6969
1813
737
1089
-55
7271
4687
1213
2511
8627
-403
7667
8927
1645
-981
7375
2063
7231
-445
53
527
1125
-805
7203
7463
1493
2207
3749
937
-941
-697
763
-433
-733
-491
4073
8343
-703
641
3317
4359
8859
2597
3267
3835
7507
1553
8367
759
-957
2705
759
2295
2523
4553
4899
-725
-145
4677
6467
875
4837
1197
-815
1545
8041
6701
165
5333
2169
3831
8157
4585
2411
6791
5455
4367
7027
-567
-439
2593
125
8477
-429
6527
6413
481
-333
5115
8701
-387
5151
5219
2173
-255
8393
5975
1569
-559
259
7735
4491
4077
6529
4547
-205
-19
7161
1271
2219
7739
2813
7931
3699
5957
4405
-827
5549
4577
4791
793
5123
7523
4843
3129
-343
-333
-65
3325
8439
1737
2595
291
8055
2137
4361
5149
1605
1463
611
4807
3653
6429
235
7873
1433
8667
8451
2981
3721
1127
2295
7623
455
829
2045
1057
6775
443
6643
145
-211
8165
8735
883
7455
3435
7839
2773
8027
-551
8137
6977
4053
1411
-807
7061
6975
2819
2963
3475
6701
-991
1071
8649
8605
1687
7523
8523
7719
5707
7321
-763
-933
1653
8675
299
6145
959
7215
-819
7017
5989
4669
63
53
7901
4833
4209
-515
4401
4229
7555
6403
5115
3227
1695
-429
217
1325
4583
8013
8997
651
3435
4869
7747
5833
7109
7249
6385
3563
6547
5781
7967
295
5895
7113
4115
1147
5687
-199
5587
607
1103
4903
4227
1515
3711
8693
8185
-93
-355
8699
-633
8935
7919
6419
5631
1943
1597
-629
1463
3591
8569
2627
627
1461
2395
1717
8095
7657
5243
8675
4967
4763
127
2969
6033
997
2497
207
6649
6337
5937
2423
1443
3985
4027
2285
411
-191
7317
63
7569
-623
3975
1627
633
1593
947
591
743
5235
3801
3737
2161
-305
3415
-167
7707
1227
4917
213
1177
503
2685
2761
3537
173
285
8375
3801
4111
3541
5455
2327
4997
4787
-897
3495
-203
637
5519
4923
1849
407
1677
1277
2267
2605
-297
3945
2867
4903
1941
-867
1209
7485
5881
3657
5701
4039
6203
3235
1711
2447
2679
4381
7423
37
2295
-581
7927
997
7671
277
2793
1587
4785
-891
219
1045
4809
1517
-263
1239
7913
-257
5297
1671
7985
1563
-733
7839
5709
8565
7851
6897
8181
6039
8013
995
8521
3595
1561
2371
7921
4153
1821
5107
5771
-741
5633
7769
1995
5209
3041
3589
1263
-977
1485
1309
1453
7667
1165
6219
7561
2061
8815
4777
2601
6751
2045
5737
8867
1733
3565
6011
3723
7215
8983
-727
-653
7963
6359
1611
7565
5905
8591
-679
-93
-425
535
3291
8557
6055
5475
5285
4647
6975
-135
1487
-993
6905
4475
4511
1529
4325
2665
8579
3621
1921
5315
-549
557
1
945
1905
3599
-471
8307
6749
2989
-49
8989
5331
7163
1369
7631
3259
8021
1429
8229
481
835
7421
7691
4221
5185
-741
5665
4431
2071
-901
1045
4233
1331
4385
4019
4451
737
3355
2007
2527
3917
-95
805
5481
931
1933
3107
6181
6419
1469
789
-899
6655
6325
887
331
5097
8509
7621
1679
1009
1029
6117
3095
897
905
7623
2475
5909
239
699
8685
-137
1143
5437
6267
3569
1371
5431
8503
4513
8767
717
8677
7989
1871
7679
2885
269
-583
2637
2955
-169
7593
1781
1123
1501
3311
8057
4293
-477
549
8939
1377
2035
5879
7349
5037
8407
2077
1213
437
7491
-777
3079
337
8255
647
8401
-403
1941
3437
1531
3095
4801
4175
769
7823
8739
1817
249
8657
-3
6573
3317
-685
8653
8801
-559
-313
923
275
-859
3039
8573
7395
6331
7259
653
5861
4205
8233
-809
2789
5193
-991
-405
4063
3893
5917
4847
2331
3365
1001
8665
-797
2501
2865
-307
8623
6905
535
8965
4591
57
7679
4091
4071
5339
5959
5281
3635
333
-469
4565
1749
4031
-241
1833
-115
3199
7161
8901
25
7807
3235
4499
7521
1573
2055
7205
3289
2831
6617
4441
351
3413
4353
3651
4243
5165
6461
5441
1069
8871
8459
4615
4623
5151
5033
4689
3853
5785
2241
4605
-867
1381
3349
6379
-587
8489
7021
8025
1215
-695
-139
8341
-961
1397
3605
4773
757
8385
7923
1723
5219
-65
5721
5837
3445
5891
2045
3519
431
2677
-33
8385
1483
7285
4671
5317
1089
7367
3905
7537
-331
333
1475
3395
3235
5517
8841
-287
915
-925
7569
7371
2719
797
7411
3335
4665
7927
7853
7565
1959
6297
-561
6133
8191
-691
6165
-103
1631
7155
5877
809
6193
-705
2141
-767
3223
-407
-297
2707
8499
8669
3469
6435
1745
373
2249
7621
587
4797
7619
1057
2079
207
-861
4449
4995
5835
7103
5309
6569
661
8735
7533
8927
4377
3773
7495
-405
4837
1503
5169
4301
2317
4209
8871
4989
3615
2249
591
-721
185
-839
4813
5013
3877
4027
8411
1283
5765
-83
991
3979
1233
5061
7009
121
4975
-867
2297
2925
6695
2971
127
477
953
3973
463
-303
8411
-9
7501
1837
4953
2831
1053
209
8027
4621
5243
149
7395
-257
5907
735
3241
3373
3731
2449
3289
2003
3533
5637
2339
4017
8823
6311
-771
4791
5031
5019
1259
2439
7929
2101
6357
6919
129
6817
1089
327
6233
5781
559
1201
5857
-789
5527
-723
-257
4575
6383
5447
8529
-189
7075
-513
6673
5979
2465
8913
7537
-485
943
-357
1235
5003
4667
2931
691
5025
4021
13
2793
4223
8629
171
6149
1547
1365
-953
-809
2539
2447
2369
1313
2569
7625
1263
5947
4723
1345
4367
6773
6213
7453
95
4363
2077
4385
4555
6669
6705
4125
1231
6267
6705
-381
-881
6159
5331
8575
-253
7585
7437
1305
1347
419
5397
1833
2051
879
87
-761
3749
8301
6111
1695
3561
-585
617
3947
8635
3279
-167
2237
1199
1181
7385
8771
2255
4295
7589
477
6237
8743
725
6425
6785
-725
7171
1029
3883
2313
1545
4551
2631
8641
1049
-451
819
1807
5337
-399
8043
7039
2729
8457
45
6585
513
1781
-265
3799
4797
3415
6755
1913
5799
-995
5741
6553
-737
3527
2537
7459
6523
3215
697
4377
2025
253
4125
2989
6981
535
8453
6765
3229
2257
7953
745
2035
4353
7801
2327
1391
4069
5605
1405
8615
3719
2351
6931
6289
4081
5375
5533
4499
8867
1947
1739
5777
3229
8731
5779
7827
4107
7067
-849
5291
6755
5885
1331
3633
7763
579
8981
6061
89
7293
-863
6057
2571
2863
2455
1359
231
949
3861
565
1259
6933
2543
7407
5013
8069
6031
3443
7655
901
7989
1957
5793
7315
637
1845
-815
1537
1679
61
7903
8823
1257
585
6371
8911
1179
8639
-59
4735
6679
5449
5315
837
1583
1169
5443
4399
5947
7417
-99
1015
7623
4437
2167
2965
1983
3969
4091
341
2723
7021
1757
81
945
-405
353
8861
4213
2851
4621
-481
5677
6011
5241
1729
2175
-919
-703
5031
6583
8651
1179
7995
4061
-845
-141
7857
1859
-989
1151
4981
8329
1561
2111
3605
2801
797
-761
833
375
813
255
4927
-421
527
3137
6779
6943
8689
1549
-967
6205
1337
2177
7125
2289
547
2765
5379
-377
7063
8991
5307
6543
-171
8821
811
7591
8065
8097
4871
4959
1503
459
-247
3349
7493
6385
1611
6795
99
8601
1839
7603
7291
-723
-117
2211
3721
4563
8293
7609
5809
4033
1335
3921
4445
8761
5999
-23
8279
1161
-585
7627
407
6741
-31
6437
1053
1215
-303
3369
349
1781
8069
6105
5335
3741
6429
-35
8101
4153
487
1057
8357
175
-161
-281
5473
7329
3631
2941
3125
6383
2735
2475
4781
7161
5113
7403
5499
-353
8667
-173
1599
867
-845
855
4921
5993
1747
-137
6981
-431
6577
905
3903
8099
4079
8981
8459
5
4519
-619
3049
8543
6877
403
1297
8465
1959
1521
465
-743
-399
7533
-59
2417
2911
2121
93
5649
-75
-933
6405
5673
3439
233
8325
7003
3403
7617
1611
8543
-271
2123
5859
1131
7277
6841
-633
3787
3815
1463
855
4615
1685
8679
3137
5675
1175
823
8601
7511
3697
-721
2271
7243
801
4599
887
663
4829
-289
571
3571
2233
1153
8997
5913
8307
5001
8831
169
5323
8153
13
3711
2219
1211
5703
7177
7295
6885
2535
4207
897
6987
6013
-835
3951
5139
4835
4167
6945
-497
1041
6549
-613
4319
-867
8437
6259
3153
4393
2467
101
3709
1693
4307
4861
745
4321
2227
6317
8903
751
933
707
7287
6261
-745
4257
361
-673
167
8701
8841
385
4931
4249
8627
-715
2003
1899
-693
2445
1531
2813
-125
8875
7643
8667
5417
2179
8083
6549
6655
6843
5817
5721
115
-387
905
4767
3759
3193
1445
8647
17
6879
1177
6801
2093
2711
7411
8805
4931
5641
4717
2389
5009
2543
4851
8509
-517
6799
6115
1391
8185
6787
6135
8891
8833
5437
3775
181
8499
713
6243
3289
7631
2255
6283
1745
1639
3069
1455
4095
5129
2619
-823
2193
3631
5529
6233
-515
6809
7439
7159
8667
3943
1725
8207
775
1163
-701
-233
3049
461
8997
1905
5237
3637
6085
1313
533
3281
-941
1321
1805
7583
5095
3161
913
-621
-65
5741
7945
-729
4291
1749
-699
-911
3101
-545
5335
3649
1415
7451
5361
4329
1833
2565
3017
629
4081
5307
6677
8249
1157
4005
2325
4523
8957
6065
2609
5325
5791
6789
-109
791
1137
4211
1009
945
165
1909
4449
383
523
2689
5939
573
1297
1099
1303
6731
8583
2209
4153
-651
1429
1969
-921
5007
-977
-73
949
3159
891
7423
2891
-579
8737
1335
6429
6249
-161
2699
5313
841
2917
1131
6945
5701
6275
7685
4295
5675
313
5531
4119
6919
439
-415
637
4943
671
1323
-787
1543
5387
2015
7057
7617
8347
6887
413
5619
1841
71
7891
2115
2537
5493
2815
-163
8921
6779
7689
4249
7913
3151
521
4171
6403
6827
2077
3477
8119
1661
221
8563
1585
2727
757
4403
4551
-505
1
1265
2755
251
75
651
3839
7451
4627
7475
3097
-699
2147
3057
6119
5057
7665
4855
583
6113
1133
79
4331
2891
8219
6395
5257
-707
4269
7641
3745
7857
4035
7047
927
7407
2689
-423
577
7071
1443
433
1479
4865
3695
8359
8973
8711
-521
5685
8313
2851
-33
4763
-361
771
5945
837
2917
-759
7653
1991
4351
835
1287
7177
6183
8009
2003
5155
5935
3729
8357
2533
8031
1905
-963
-615
-395
1655
365
3849
953
7701
-599
3973
7073
3587
3939
8629
4129
4057
145
6337
-197
4371
13
4019
8605
6653
-423
8519
1225
-937
-337
5451
5053
3359
8511
3321
2209
7775
9
8519
2447
6625
5287
6083
8765
-401
-731
2801
-405
-571
6653
4767
-315
2837
293
-663
5163
8789
6467
7933
917
4697
1029
7161
5963
1865
-965
4363
279
1049
1979
2981
7351
723
3025
-649
2821
-433
6649
997
2973
5281
3179
6385
-953
8961
-961
1267
2919
679
5603
3287
6483
7209
4279
763
8449
8793
1339
1347
1273
1497
1635
1387
3235
2509
-455
4843
1185
2693
6237
733
5241
-111
1501
4371
1563
8725
2257
-49
1147
5185
1183
1905
2517
5603
-273
123
3675
6813
605
8213
6657
7669
25
7697
6003
-363
3137
957
8923
3209
3171
-351
89
5289
6899
8225
5557
1795
3933
525
6683
4865
7783
8773
-113
8405
5331
1625
8779
-715
4275
-389
8157
73
3151
3545
3097
5059
7465
1909
8695
1607
2893
-691
5823
8021
5955
5103
6653
175
2391
2735
4943
5967
8557
6279
981
7063
719
2807
4767
4713
409
4511
3795
1475
2293
2041
5285
3357
1649
7649
8279
6279
8975
5523
851
4015
-275
3765
149
6897
457
4371
3701
2639
4385
7267
2353
813
5509
1017
1627
-797
73
2163
1653
2763
4425
8077
7383
551
1329
6369
131
-107
241
7961
-385
4815
-125
-833
669
7611
-489
7759
4783
6967
321
7529
8571
1911
1019
6699
6833
2437
3311
3583
4145
3449
8407
-447
1053
1349
2119
1771
2755
1997
8027
-9
1483
1959
4251
6547
-257
-175
7373
4693
2327
-459
7671
-351
435
6901
2655
465
8793
-919
363
8115
8361
8215
629
2685
5699
7597
8203
1043
6943
3983
4427
6735
8295
5175
6811
8077
1029
1887
6295
5845
5749
1725
5817
5929
5769
2767
1997
1285
181
7953
5647
-433
-765
529
5475
5617
347
941
599
-775
6805
8509
221
4905
-323
1887
-423
1545
7295
-325
8321
3901
2465
2193
3499
1081
-515
6871
73
2565
6361
1001
7469
5161
-447
2865
3605
4721
5683
4103
4239
4831
8239
-957
5333
1515
747
1075
3855
1727
7189
7659
117
151
-325
2609
5241
4627
5945
483
967
5149
8993
1317
1665
1879
4471
4671
273
4207
-201
905
3441
1017
3483
65
6565
6959
275
2127
7833
7979
89
4905
5659
8879
4127
5991
237
4573
8725
-93
3757
2801
6243
6913
6489
5555
6863
2115
6173
987
979
2881
7287
4383
8849
3229
8543
2681
6255
4235
147
-897
3567
8585
5473
-621
341
7755
577
3109
-353
3769
2771
7285
7549
6617
6841
2013
1159
1843
5979
2839
99
5833
5967
1403
8241
8111
7679
-283
7671
2151
8013
7163
6171
803
1829
2889
2621
7337
4379
-33
5073
-907
2161
3849
-999
1373
4213
157
4739
2617
2383
-939
7835
3045
7785
219
2687
235
2913
6025
5385
4417
-711
-347
3269
7657
-231
7595
2763
3141
5077
521
5621
3167
2477
6575
-843
1743
2163
-163
6253
3239
1435
3093
2503
-491
481
7759
5319
6535
8229
3057
-263
2667
1259
7113
195
5749
863
1723
3795
-359
7019
8039
937
779
-387
8071
8571
5139
6239
1443
3437
1811
967
1599
777
3651
1461
611
4941
2285
291
-571
1869
4773
-789
8309
103
4467
231
4147
3603
1259
-265
1881
1463
2241
6033
1317
183
8011
7013
7965
6879
8465
3235
7827
7773
2801
3427
8591
2081
3535
-557
6447
3407
37
8513
3735
5655
7491
8901
-925
-963
7093
8335
1523
-209
911
-149
5815
4209
6765
8705
3207
7631
6957
8725
3509
1105
-963
5557
375
3819
2105
4063
3719
7565
6811
1925
4839
4571
2247
5705
2561
5729
6331
959
2507
5291
5015
8757
1083
53
-315
-691
547
5793
-253
6711
1393
7291
1613
5827
2033
3625
3951
8183
7855
5753
-89
-205
2929
913
-871
925
5899
8721
5523
1105
-759
8201
7589
4885
603
3851
-725
9
7247
8671
4445
7553
8349
7123
739
3557
7727
4891
4195
8411
8159
2885
2551
5869
-171
7225
7501
1721
7819
1317
705
3251
6857
3319
3389
337
5807
8773
2075
8649
-769
2635
7305
7809
8869
-147
3329
3163
2809
373
8577
371
443
6621
2617
2951
4983
1723
1879
1091
8549
2755
8207
3043
8513
7659
5369
1895
4297
2863
5649
7833
5905
-247
5239
4787
4927
6983
7665
3927
7623
7261
3113
7439
8361
789
3003
5937
7739
-133
2897
-297
1341
7847
5741
803
8219
7589
7631
4319
3351
7731
1525
971
1569
703
-365
167
1539
-469
-881
4059
681
2877
6269
6997
263
6403
4137
4241
4803
4063
3019
8393
749
8663
7929
85
4791
813
1411
6199
-747
3125
1397
5415
6487
6891
647
6823
4125
4421
8647
3429
3471
3899
7055
8377
2201
2193
1587
5393
2273
187
2971
543
6973
2561
977
4747
2701
4627
3973
641
4367
6615
-559
245
3033
81
4293
4565
579
6969
1597
-869
8185
5663
4693
4499
205
8799
5615
8451
5229
2421
2053
1237
2379
1189
8305
2825
4297
2887
2203
1407
3627
5093
-561
5813
3853
699
3391
2047
-623
7777
8347
8851
1229
7659
6553
8089
-307
361
1883
8513
6047
1075
1909
7289
8677
85
3193
4857
661
3959
6893
5665
6883
5943
2925
3439
6167
2887
3277
-217
-639
8487
5113
7763
4225
8873
5723
8109
3065
431
-925
7731
-367
-599
3303
5543
8371
-271
4325
5747
827
-981
-907
1771
8243
3549
5057
-353
581
8879
5077
4093
4429
1613
4657
1755
561
5329
7687
639
2443
5617
6485
6591
5351
7497
-791
6967
4239
319
8401
6985
987
3699
7541
1479
5071
2593
6927
675
6163
407
4709
6203
2379
8653
1415
3145
-569
1769
8113
1231
-129
5263
1469
2755
5107
143
6187
2761
-603
7107
8383
7365
2423
7391
6747
1615
665
8153
4113
1725
7195
39
-719
8105
1391
7197
-353
3573
-455
1111
5883
3475
-529
533
705
4583
6293
513
7345
429
4771
3781
3253
1607
8827
3413
2791
7069
7159
2817
-541
3189
7049
-907
4985
-867
3083
2467
2763
5089
5295
-349
5989
8725
8645
-813
779
-979
473
-533
5429
5045
6561
1907
2631
8787
365
479
2333
1621
-933
6601
839
1517
717
-755
-727
6083
5199
405
8483
5991
2757
1393
1057
1769
4459
8801
6187
1631
3795
859
8987
1645
8421
6853
1631
933
1573
4003
4395
943
5735
5989
8761
-719
5937
5031
6837
5017
285
7641
3729
2469
1625
4539
7479
4273
1911
515
4007
357
5473
1229
5265
4693
617
8357
6713
6403
8817
3329
1079
-627
8353
8959
-53
3771
6213
8011
2507
1617
153
835
5703
8311
6467
1435
5419
4075
3077
7975
6335
7263
-21
8347
987
635
7761
2145
1589
691
2195
7763
4493
5355
3377
549
5037
-983
1505
8517
8497
5547
4937
8571
5253
7577
3927
993
2401
-567
-863
7547
5475
1903
3895
7957
3671
4015
233
5769
7577
783
7069
7359
665
7031
6205
5987
4109
-691
2953
3905
2417
3545
7659
2101
413
-533
8263
-739
6567
1501
1159
619
1077
-585
6121
1285
815
-503
-595
4953
4137
-141
7183
1163
6733
343
4319
-761
5237
7867
1587
3993
8617
5235
-201
385
1551
6767
3077
1337
1059
2575
5169
3073
7077
-837
6537
4751
-45
6717
3625
2497
1257
2321
2387
365
7371
6523
7233
531
527
3009
4713
3497
1203
8899
5863
3713
6449
303
69
-883
1935
8575
8631
-397
3771
2839
7757
-165
8473
2641
1317
8523
3579
6965
3521
-949
6519
-603
4175
4397
6261
4661
4647
935
2331
5125
6977
83
2413
-317
8975
3571
325
-551
2943
5745
2807
1879
-867
-273
7185
6039
4797
1865
3881
5139
7109
4305
3255
-719
1183
5223
4121
8703
763
2959
4719
3409
5503
6557
8269
1961
1297
7483
6437
2403
4937
7017
-561
5399
3053
8479
5377
6853
4913
3313
-345
7557
8403
4959
3657
2135
2885
1139
8991
7491
8115
2973
7453
8577
247
693
2589
4533
3889
7411
273
11
169
3487
689
4751
3303
1349
-355
3053
7973
987
7441
515
2877
4403
3285
-869
3903
255
-259
1487
3635
847
717
-683
6369
7817
2575
447
4025
-661
8737
1581
351
4413
7439
923
6993
2191
-835
5821
3533
5327
569
7723
6057
4097
4307
4451
-679
6369
1345
807
897
-855
8499
3457
705
4463
3469
-211
-165
2455
4185
-717
7955
5813
6987
733
2289
1051
2855
8657
3441
5035
-549
-67
8891
2801
4025
-745
2959
909
-715
1067
857
1603
-941
-665
2399
815
5463
8531
5777
6853
2833
2563
2561
1483
-167
7055
-23
3059
4409
1001
2557
-109
391
6579
273
5181
2869
1685
6815
4733
7639
1767
1539
7425
-115
4899
-559
3681
1777
4573
4177
3943
83
3649
7561
2007
881
6213
1117
4555
-753
5481
6953
4897
4219
1475
2353
5073
3893
-145
6993
4317
2387
-447
7851
7757
6531
7165
-835
7481
5215
5719
1703
7323
721
1221
8223
7381
8135
791
951
7565
8187
3121
7107
3035
6419
8229
3063
4435
1547
3113
4847
7455
1125
2319
4253
2621
-471
917
2211
-633
1191
5279
7561
-155
4677
4225
8667
3589
5603
6245
-999
8275
3547
3941
7267
7881
-981
193
-227
289
8287
8685
615
7375
6407
6987
8505
3603
1427
3999
3601
-381
3229
109
6217
1187
41
-393
4585
3905
3529
5775
6325
5459
-769
697
3493
4829
-271
-629
8531
4867
8549
6489
6939
2465
5185
1005
1631
-669
3491
2583
2637
7167
879
8775
4807
1521
-713
4025
3757
669
6531
8853
8587
25
4861
2399
2217
1515
1301
5201
-747
6143
1825
705
4775
4845
21
7813
7599
-285
1399
1225
1003
453
5609
5361
5253
5675
4361
2881
439
57
7739
939
5533
6639
6135
3591
-81
5243
991
409
807
1785
8957
8223
1845
-961
7489
4621
7301
6121
8265
-685
1285
5843
-329
5723
3305
6669
2477
-857
-147
4661
307
395
3713
-67
2447
1563
6857
-15
7607
2445
3935
6351
3437
4447
3691
5807
8739
1441
4885
3755
1061
8155
6827
-799
2595
7153
-975
3275
3099
6631
5801
1961
3535
319
3585
-887
-61
4191
6109
2307
5699
5083
3271
8889
6275
6479
-679
4175
1297
3471
1407
-781
2719
961
6885
-945
6511
2515
5353
57
-829
4539
5113
5081
8521
979
1095
1743
4721
1775
6261
1601
507
453
-735
5631
2287
2389
2179
1183
6735
2837
8427
4815
1529
-81
4287
329
913
-869
4891
7269
4543
-381
-423
8935
4623
4663
-331
3113
3707
3459
-495
5345
-409
5869
4611
5581
2877
7667
2591
7083
2607
4701
203
4287
7497
2509
3641
607
-519
6547
725
2921
-951
4865
8333
7151
8747
4605
7699
7679
8747
6463
1137
1685
4271
-225
8207
2407
-77
-687
405
739
351
133
1219
1411
4311
2245
501
7257
4979
545
8135
6773
1801
-959
733
6107
7767
3927
-263
7963
3175
3553
715
4379
6355
8219
3385
7481
7403
2313
7251
6703
8495
669
3791
6479
3783
1709
7883
1179
1485
6787
2431
3217
3847
573
8645
3829
5541
3339
4433
7621
-223
2581
781
677
7943
6635
1001
-843
2099
8325
1081
6939
8295
6073
-291
2339
7133
6749
3205
165
2545
1203
-711
8711
3603
3491
7705
5129
4243
5197
3045
2583
7685
1753
1011
8511
5487
-615
1923
1195
3729
7335
3789
3421
1583
3261
8719
6937
291
5623
2239
7225
7299
1737
3235
481
2005
2733
5309
6645
187
1101
-861
2875
5915
5685
4051
-971
8093
3693
5847
-775
7141
-639
803
4965
8563
2971
8699
3767
1783
633
8143
487
6645
3087
-189
105
4599
-871
197
465
4789
967
1391
7795
8057
7679
1623
2933
5047
4987
1709
8153
8677
-611
1769
525
3499
8407
319
3905
-993
2227
7407
7091
5815
2833
5903
843
963
-65
-797
3803
3769
6359
6379
8267
1603
3867
6845
1007
6035
5773
3213
4497
6789
1623
1759
975
-493
6935
3503
2119
2317
4927
4943
5971
2995
-325
1695
5835
-145
3533
-55
531
95
-939
8971
6585
1407
657
5931
4417
5751
7723
-917
863
-57
-715
711
7123
5929
8487
4055
6245
-961
5861
2885
5537
5869
3053
1061
405
7489
419
-687
4017
7065
2751
7669
3251
4573
3819
4325
663
6185
105
6603
3357
3647
6757
-25
8431
4611
4911
817
747
7535
3777
3807
7467
4045
3399
471
8955
1879
1539
3243
7263
6425
3513
5619
1701
-429
4059
6107
367
3663
4903
2087
2327
4617
1309
7337
-131
6857
927
-195
2651
1437
2481
-313
1341
-491
7965
6489
7863
4735
5599
4199
6617
1563
4131
7033
2527
8173
6993
-879
4539
3521
985
1895
1313
5771
6085
733
8471
955
7987
3299
69
-809
8321
8357
2427
2413
5577
919
1471
8983
-527
6065
5293
5409
327
99
6257
8299
5179
3427
-79
1209
711
5137
3711
2637
5955
3535
667
2121
3313
6355
-245
4233
8315
1621
6171
7717
2589
2837
2563
8151
2803
4523
2793
2055
5335
5525
167
2167
3857
417
3219
8413
-987
285
4031
6601
4475
-215
497
-705
3597
7933
5161
5325
-595
2831
3039
7335
6405
383
6259
1725
2855
7979
741
5483
5165
6973
6737
1057
1101
117
1365
8285
2567
3971
3161
737
1681
3177
4559
8283
4973
4979
1123
-145
6949
8679
6691
1059
7603
6937
-1
3741
-691
7485
3065
3673
8559
447
4073
3267
1103
4857
7981
-647
8043
5179
4303
7869
5857
7465
5701
6353
7861
2355
2693
-791
3205
4261
1341
2265
4279
7809
2069
3737
791
-243
-983
1887
4353
6129
-755
1971
753
6701
1395
4473
2935
-115
6925
8485
5719
6711
1359
179
7045
8799
4179
-383
5509
6139
-315
5211
8607
7815
-299
7527
6929
4459
-369
-387
391
1443
3301
841
8975
3337
4813
7583
5645
5953
3213
769
4051
5695
-847
4739
7271
7333
6771
3029
4027
7463
3453
5001
6175
3377
1831
2329
5007
3851
3373
2469
3057
53
793
-585
1177
6005
6487
6883
-901
5119
1303
5269
2269
2687
5837
3763
6669
87
2543
445
8559
6339
4079
4117
1215
6063
2201
293
1839
3671
5843
6335
5917
1017
-737
4955
2129
7807
2147
3391
-325
8071
7787
2717
6985
3129
757
3115
3313
4063
3413
1743
3199
5809
4301
-707
-541
-227
4519
7211
927
8195
6829
3985
3855
8393
7223
6935
7763
2947
4333
7405
163
1083
825
3141
2511
-717
4175
577
7541
187
4709
5891
8317
5871
1543
6561
13
5827
2679
-739
4435
4841
201
6067
7497
6883
-941
8485
3753
423
7469
8045
4983
8673
-389
5337
-949
3065
2399
3751
2121
7671
5843
2923
7095
6321
1023
8485
1267
8617
6727
197
7607
197
2089
373
1997
719
3487
-685
-165
541
3595
3233
4647
165
4149
101
7483
4327
7189
8303
305
5619
6173
955
1291
1797
2787
8673
-709
6021
8551
3871
-115
3325
2435
871
1053
3685
2863
7079
3623
8331
5351
4557
1067
7241
3957
-855
7241
6525
6823
-967
775
6719
6107
7515
-417
2157
7275
489
7209
3869
1031
557
329
-359
4701
4781
3919
5959
6245
-51
651
4747
8577
1195
6071
-993
1005
677
1753
2789
-151
-817
-357
-973
-879
6493
-531
3221
1743
-775
4489
3561
7781
1575
6323
643
7657
991
1189
5649
5917
2119
4867
5431
-627
-547
4159
1547
8943
6043
1611
7459
421
2273
4613
-253
575
7317
4631
4121
3959
4901
2737
6563
5689
175
5537
3965
1839
1305
6795
6003
4901
3215
-33
5495
7051
3417
2229
795
6619
3915
1075
5705
4789
4443
-679
407
6995
8275
7947
7829
8013
6371
-761
8131
4591
7197
7875
3077
3081
7713
1409
8745
913
937
165
-311
4749
5987
-521
5187
263
8995
4693
2531
4067
3005
4937
2561
3661
3923
3937
8645
3175
831
4251
81
6695
6871
1013
7719
2691
5145
1181
1133
7621
913
6037
3365
5209
433
6003
1247
-261
1809
511
693
8157
837
5041
1413
553
6697
1927
1357
2635
-503
6057
2473
1439
-581
7563
5865
6753
6555
4365
1545
6715
3523
3491
3673
1597
7031
5985
1107
6777
4451
7977
3909
4067
5901
8543
8517
2527
893
5251
-155
1473
5269
1659
5007
2925
5465
2481
8531
1875
-643
5819
-131
3791
7693
1553
1235
7119
473
-213
7165
1685
2019
-981
385
757
569
1931
7727
485
2113
7501
2275
8555
5873
41
-203
-651
6425
7705
4951
-181
8923
8719
4469
1791
-221
8065
4185
3595
7443
7255
3007
4175
3941
535
3245
7575
7097
-357
6951
3837
935
-633
7281
3001
6729
129
7121
3437
2663
6745
177
4209
8327
4489
4441
5101
1371
1825
843
41
1645
4921
2461
1289
4637
6483
4271
3099
385
1397
171
8323
337
-533
6537
6343
1493
-961
6963
3889
5687
1219
2265
1335
325
3161
2805
2941
1603
3585
907
2941
-715
5307
5189
6105
-205
5407
3443
-677
8039
-457
6609
2757
8579
-611
3721
23
8957
6469
4141
8215
2565
7507
437
5301
1167
3905
4497
3321
1443
1521
4473
2489
4979
7709
7965
8701
7109
-175
2081
8785
4857
219
111
1251
5921
6969
6329
6525
7857
5457
7357
513
5231
855
6833
-851
6765
7283
8523
6889
2367
8221
6005
1081
7155
555
7779
8849
7393
1685
1567
-767
-141
3043
39
5433
5697
573
3347
3545
4619
6127
1649
5961
4439
3243
151
8033
1433
2055
97
-861
4541
5365
141
6375
-829
-265
2793
8359
7473
8359
403
2053
6067
6279
1175
6169
4377
8167
913
-933
2313
139
5381
8147
1117
791
8365
8485
51
7961
-763
6169
3609
579
5043
3355
4059
7741
-965
509
2999
3497
8821
-613
2375
7851
259
1633
-875
1667
6741
4053
4071
7181
3937
2761
2729
3695
5771
7855
-95
7689
1371
-965
3317
9
5131
-959
7981
141
119
3627
8141
1671
3333
3721
2229
5843
213
7989
8667
5603
1309
2951
4325
1825
191
583
883
1351
5113
5543
1007
3103
4743
5013
5493
8023
5589
885
1177
3687
6581
4821
79
-377
365
5329
-403
4607
6865
5595
4745
2379
2663
3059
8123
1455
457
7441
1263
5145
5263
5265
25
2269
3295
1497
171
1557
7125
7489
3929
6905
3225
-611
6295
359
8617
-159
1105
443
447
5449
3323
553
4151
3515
8889
7003
707
4439
5675
5093
6215
8355
8387
631
2015
1281
4701
5343
-855
-357
1109
513
949
1191
6155
8015
15
8847
7109
6947
7367
7691
-499
2867
6567
5317
5075
-311
7143
5823
931
6477
4827
3227
5521
-25
7195
4075
657
1543
819
-203
6021
535
7271
4977
751
563
8201
3883
-317
8189
5849
427
5301
3553
-655
7579
5455
4549
4937
5041
335
263
8795
5843
-601
5093
3735
7815
8237
1837
1027
2243
1889
1499
5999
2299
5003
3469
2961
-539
6495
-279
1345
6779
4217
6265
8085
1151
1253
2645
763
6549
5957
5863
4735
7247
3177
5661
5329
3489
491
3687
2697
4935
2937
5261
5815
1357
4987
881
1769
8253
6239
5911
4749
8083
2395
1071
2725
-401
1741
-881
7193
2807
3905
5867
3437
8087
-457
389
179
2927
2609
5185
-139
1899
8361
1353
7783
2279
-775
8475
8993
3077
4775
79
2887
-953
3541
565
-723
7085
491
3665
2793
3757
1829
-357
8183
7167
1733
7355
2135
5027
757
-515
7353
4359
8651
-327
3151
5865
3271
8335
7343
1123
8309
1119
91
3499
4049
5875
3995
6325
1011
7851
615
8129
2705
8219
7559
-521
1165
-541
2811
4461
5273
5043
5857
2171
6109
7177
2091
2145
8041
7533
79
3905
4637
1047
-15
2717
307
3375
1725
-203
1055
1121
7183
-577
889
289
2865
409
1703
5343
4963
7379
7583
235
1679
-851
7149
6543
1767
4915
2351
2057
-831
975
4595
3639
7747
1427
2733
2299
4903
381
2009
8623
2159
3525
2305
6597
613
8031
769
6703
759
1541
1715
-489
7253
1037
3079
1497
-803
6097
3941
533
-89
1023
-247
4949
245
113
6985
5765
3643
3531
2639
1805
4475
1489
5891
3339
2743
8553
-727
1695
5193
795
-271
3211
925
6679
1923
4035
3747
7741
793
5067
7839
1719
8775
4673
8841
479
7901
5477
5221
1725
6135
4719
4787
4019
491
-795
7931
6335
4127
5207
319
2183
5951
-289
309
6379
-921
7571
6233
1997
6499
8613
4555
-803
2891
-283
1397
227
3083
7587
327
3357
4721
2043
7375
-535
573
6509
643
1497
6587
5799
6895
4273
5203
2535
2517
-595
7735
-27
6131
3267
2421
179
5761
5357
847
7481
3611
-179
5415
1001
6813
6247
4461
4841
4319
677
8845
339
7065
6731
719
6123
-651
5077
5625
403
5043
465
1817
3927
-377
1153
1197
83
8409
3165
3731
1231
-797
371
-429
7781
1433
4261
2767
2331
-421
8193
3557
6115
917
-113
4067
3175
6913
-681
2111
3923
7861
939
3611
6847
3031
7155
5489
6853
2609
-631
8273
1287
4415
-311
4393
3427
6417
385
6909
2825
8317
-299
4709
8445
5005
7989
1469
-59
8025
4423
6847
8403
3751
997
7935
2587
3629
-67
8647
6045
7373
8809
7363
-747
6913
1951
311
7567
2185
7081
2861
3591
-695
-475
2785
-979
1073
7001
381
557
2247
6903
3921
129
-483
4291
5387
1459
259
197
2187
5811
-785
7779
4949
6233
6707
-297
-215
3029
7569
2119
6851
3525
611
2165
7127
133
5437
5719
6021
-441
7277
-709
7071
-151
-783
4827
2541
-23
8375
2233
7797
1577
5967
6491
1633
8671
7847
7703
991
4691
7397
2021
6887
2421
7575
3681
3907
7003
271
1807
441
27
1307
3009
7221
7137
6313
7047
6913
-851
-435
5805
2055
8595
1865
4637
3029
2743
6917
-719
6967
4393
6303
7667
3829
2195
8547
5659
-295
7449
7955
-129
5705
2383
5055
-429
8547
1811
987
5113
-761
2743
4211
481
4239
2807
-111
111
7819
6279
2023
5509
709
385
5681
2615
3447
8931
3513
7235
5413
341
941
-927
4031
8989
6345
-461
7619
8839
4931
2093
5921
1677
3515
1977
6609
7247
1125
2467
-605
-877
4749
105
4513
7127
481
6315
3481
6313
1093
5247
2369
4403
1043
-329
1761
2469
8019
7543
1329
4297
8139
6841
5015
3425
2981
-539
2809
8127
3189
2805
1007
7365
39
-627
589
2809
623
8933
1821
1537
7889
2955
347
19
-275
2995
8083
-97
8151
8633
-37
1227
8001
2779
3507
1705
-397
8645
-589
8613
-483
7225
5519
8851
4887
1839
2025
5157
5871
3543
1563
7487
8737
6011
-835
3161
6203
2593
911
5993
939
-55
1355
3317
-251
5341
7343
8147
5143
1647
4015
-155
4705
8519
3497
361
7093
5965
513
779
-947
-517
8293
7641
5307
3879
-263
1609
1793
5663
911
3291
2405
-257
8237
6921
1627
4467
3579
8059
7161
-327
7301
8563
-185
7719
2163
-359
1055
7597
901
1427
6139
1759
2377
2593
3433
103
5735
7737
4405
3007
-795
8335
5377
-929
551
6539
1489
1655
6005
1515
425
785
2003
8779
719
6243
2687
2277
-153
-349
1911
305
3719
847
2647
4375
5561
3985
2565
797
5075
647
4305
1773
1883
4957
6141
1001
1433
6137
8891
4925
2499
3043
7491
1473
2343
3003
4185
7275
467
2937
1375
6657
561
1131
3701
6639
8447
5701
2441
4551
7223
2977
3029
4221
4621
2133
5757
5475
385
3293
3869
6405
2687
1667
377
535
6077
983
2373
8639
4915
2909
261
2597
4201
833
8843
3351
5751
3775
5481
3623
2091
1837
7073
1039
7863
4999
1451
6283
1343
-777
4041
4187
711
1861
8333
5781
1251
6567
4049
3759
7623
4503
1073
8003
8209
-541
-271
1099
-7
2001
351
5685
6237
-179
5299
4921
8327
4615
1617
777
6149
8269
6495
855
1879
5365
3263
2723
529
5233
4551
8693
281
1541
177
5193
4949
3145
4787
4001
6913
6741
2713
6677
6141
1687
7007
2517
-369
-407
7677
-303
7555
5979
5391
2853
8795
5729
4177
5097
583
7469
7369
4065
3971
3103
8597
5351
4803
961
7879
191
5883
2491
721
4033
6939
-589
-67
-719
3213
129
2447
8331
409
357
8715
343
4123
1971
1343
-587
-689
6651
721
5339
6545
4643
-49
4077
5541
-165
793
7211
6367
6673
7559
6699
5989
2829
189
6957
-781
2627
3309
-271
7135
5
37
347
1569
6151
7167
6297
-585
4849
-625
-875
5833
779
-371
2571
2491
-847
8135
4065
4741
5539
8533
1143
6833
5659
6273
4055
8431
2947
4153
3445
7929
1831
-677
1219
1657
-315
1489
6251
793
1543
1599
4759
-665
909
6989
6425
7373
7325
7177
7201
3951
1519
431
1205
1135
5233
1533
3343
465
5511
1147
6969
2613
3183
-237
717
2241
8533
561
2839
101
3919
3989
2899
6247
-587
6799
2245
-459
-227
6179
6215
6095
5727
2347
1859
8993
5589
5425
8317
1947
2057
6043
1357
-957
2967
-527
575
4933
2141
5397
1081
517
1407
1767
2083
907
1721
2265
91
7641
8137
4631
4195
-207
1317
743
5103
-903
495
3057
8445
2599
91
8399
6101
6673
851
6881
2965
-571
-743
6027
7765
8983
1359
-79
2027
281
-801
1455
7191
7675
2855
5531
7091
67
4981
2717
2949
-5
6555
4229
2299
5165
3729
4979
-949
1305
2303
301
-845
7925
7053
6761
181
8125
507
1983
4137
3129
6111
-817
6857
3205
7671
5359
7491
-233
4417
861
5209
4619
7395
1223
3637
3641
3833
427
2549
265
-695
319
3013
8877
845
2963
-499
695
653
-345
3361
1203
6585
1829
7421
-775
3917
995
2381
1533
5819
1485
8781
175
809
4317
739
3049
7729
1355
-733
2561
8341
-225
289
8337
-645
755
-913
5189
-507
8089
3715
391
7185
627
1711
739
7777
3431
6953
4533
459
8507
6711
6663
5233
267
5499
7927
365
901
157
1943
1525
5247
885
6205
4015
2937
7139
7239
-481
5725
2725
7257
5845
3445
405
3683
8511
7391
137
8093
3101
913
1159
839
2869
6735
2449
1335
1065
77
3479
27
4895
1307
4973
6657
4343
3989
2651
-983
4157
4801
3441
4647
3735
399
5187
1673
2833
8873
8767
7347
747
1337
445
6641
2307
7613
2159
2417
2343
8079
4071
293
7287
959
239
-229
13
3159
-5
-541
1601
1141
6619
7189
3463
8801
1621
3277
2595
813
-677
5583
53
-451
4129
1673
6031
5033
-187
891
6849
5447
1797
5255
5317
7747
5101
97
6143
8045
7771
7993
1097
5967
2641
7951
1085
5469
2197
7865
4187
2757
2299
7383
-353
1915
2263
5595
7841
11
1269
6881
4421
4481
3075
6385
4857
5501
1881
4803
483
2229
1071
1209
2465
469
7029
1253
6773
5407
4931
8761
7751
3689
483
6297
8501
5565
3595
4975
-275
4597
885
2333
1005
8881
3751
739
8583
821
8325
6929
-943
5197
5627
6833
3471
2321
5817
5359
-539
5367
-569
2521
-199
1633
4165
-279
723
65
2039
197
565
7823
8589
3325
913
8315
6433
2949
357
1345
2451
3303
7371
-511
765
2875
8511
939
2479
5729
6717
1311
8233
3689
4451
8249
2393
4443
3269
5821
6817
4095
1477
881
6653
1759
6313
3323
5575
4153
525
7063
1935
4543
951
8771
6243
-473
1953
361
-695
6065
5643
3959
737
8295
8219
3343
7839
5329
8693
237
4403
3693
7329
-113
3333
8815
5437
5861
6807
8879
-215
655
4001
4935
4951
-979
4587
2949
4247
385
1535
2983
7291
3443
8543
7613
5547
4827
-635
55
5047
8851
7539
2027
6333
-663
4973
7879
8973
8071
6027
-827
5861
4643
5929
5463
5981
-187
1739
6529
2179
4865
7367
5289
2967
6817
7911
7201
1019
7389
7099
505
8367
1153
977
-307
5187
-619
6889
5889
5435
-47
2471
3943
5073
1311
1727
2813
1057
7971
7187
-25
8055
8955
6267
385
1763
733
2977
3497
5177
-671
1073
-319
7873
8985
107
6683
113
6119
4081
235
2487
-461
5057
739
2783
7587
-393
8485
-307
6859
3953
-677
5479
967
5573
1429
487
3683
2327
227
7709
1927
3759
4363
4901
7661
5687
3797
1893
5273
-781
7227
7415
6445
327
3305
1151
8135
5361
4989
3999
6207
-859
7403
4521
6367
1737
5161
8219
-367
5963
8987
-303
5855
1757
8495
1709
2081
1173
6171
4559
4335
-679
7341
3417
4853
3843
4509
8577
-241
5601
-663
-757
8051
2797
-993
6449
8107
1867
5985
8671
1489
4433
2175
6469
4635
7507
3185
2269
8555
1583
5813
8245
8435
3967
-657
4091
8421
-295
8701
8225
3883
5497
169
447
6791
7003
7547
-229
6215
-695
3141
1573
1225
1831
2819
6257
1841
2767
3435
8621
1185
2925
4417
6683
5663
5947
-763
5273
-547
-763
6847
1325
7951
8673
395
4561
-861
4069
2619
-297
6641
1467
2011
6007
8375
8863
4875
8563
1857
-971
-431
2973
399
6011
8347
1935
6863
-613
-609
8005
7977
485
3015
-783
6705
6093
2503
551
5099
7095
4809
1319
6261
135
6825
6883
-171
2413
6005
6447
641
7427
3889
-399
-235
2391
8651
2747
785
6439
-41
1819
855
-741
813
-839
1057
4339
547
8099
2583
505
2835
8037
171
2607
583
-893
8165
8617
4411
-297
1475
417
-59
1149
961
6639
-315
7015
4699
-551
5913
2871
-427
1613
3145
6811
449
5337
3353
2839
7045
4375
6441
-489
1835
4001
-939
3757
1431
1375
389
4973
8863
-549
669
7493
-765
-781
1305
2075
3957
1325
-899
709
8367
1377
4195
1579
567
7927
5711
7299
7511
625
6781
2415
3981
-403
2401
6599
5637
-641
5537
499
2207
-813
3729
1365
131
-407
-607
-747
-187
-935
-107
5353
6233
4081
8905
-455
7241
2513
1593
8999
-727
4977
8957
4499
2771
-493
6467
3687
4335
4961
59
3061
-139
1867
7551
1665
-109
6657
1301
2705
2455
8583
3167
1691
1673
5373
7909
4691
3781
7819
221
-297
5719
6685
8493
6887
7733
305
1431
1011
2779
3083
8995
8889
83
2989
733
5037
6539
-513
2905
8099
2001
715
4013
5779
4251
587
7769
1587
8567
3463
1049
1441
-737
8515
-17
1763
6163
6317
5437
1253
1169
3071
8583
2851
575
6051
2959
457
-827
7009
8283
-259
2897
5633
1085
4029
3623
7375
8675
5129
7807
869
8691
169
2155
1049
1887
7341
2009
2005
2967
373
2437
3957
8827
4437
2709
1383
-957
8319
6127
4907
2921
6441
1021
3335
2935
4633
3729
261
7123
793
4583
8467
2929
-793
6045
517
923
3285
8935
2037
6281
5083
3243
6065
7439
2761
5987
2907
8655
427
5599
-721
1835
5693
1755
5967
7207
705
4461
8759
711
8843
1423
2361
2761
2661
2071
975
1819
6251
7699
1887
7973
2115
4565
289
5351
6445
8173
8383
-381
8753
4747
767
215
1529
3115
4519
-69
1543
1321
235
4207
6223
3427
8345
5747
2385
7697
7039
-81
241
2717
1913
8397
6867
1777
329
-259
5277
2637
719
3465
8571
3261
6469
6105
2483
3069
7195
7519
487
-801
8115
2545
909
7687
7469
5947
8931
6165
6047
5873
3599
2389
3893
7715
-995
7789
2859
509
7675
8691
6069
8621
8671
8651
8175
3567
7145
5277
3259
5891
5589
6879
7579
7545
7941
1643
2601
7381
7659
2491
8005
1831
5359
3225
3481
7353
3035
-733
587
3737
7035
7445
729
6275
1425
7661
29
-387
935
7981
6749
2891
6873
911
-389
6857
6447
7543
-763
5277
4329
6481
6337
3565
8095
-257
1303
-491
2203
2803
6077
219
3665
3725
5137
5309
3491
7121
8561
4113
8113
-161
2691
3133
3809
4735
1125
8471
4389
257
6567
-829
1159
2159
4947
6383
-957
5485
3865
1387
1143
3771
2901
6791
5743
-67
177
8631
3633
-715
-457
6373
8413
3813
1903
7573
171
8977
6567
489
975
3441
2329
341
4073
7955
1157
7631
5651
2307
6093
4909
5251
8317
5189
4163
8051
7703
1079
-855
-595
7975
39
-761
6285
-211
-163
6283
2341
4695
7977
8769
1557
-479
1733
-147
5443
73
7253
1239
5029
-149
99
7829
8329
1045
377
2905
2895
8909
1111
4639
3781
1015
2133
3411
2789
6679
8443
533
7435
2347
35
5443
-377
3113
941
3119
8149
5825
-351
2957
7479
7191
2201
2423
2105
5815
6523
2341
403
3109
7159
835
7329
2803
145
1279
1511
1273
5687
7997
1819
5587
6945
2837
2697
8579
8985
2933
409
7719
1691
5479
2559
4895
4323
697
1709
1805
3123
8097
2599
1287
3829
8749
8589
1091
891
341
3463
6917
5583
611
859
-419
-457
2475
6057
4403
1111
2671
5151
7381
5383
-733
3731
4413
5287
61
8787
501
5631
3405
4995
1615
4397
7713
3279
8535
1413
5665
2655
1697
215
4335
1611
645
293
2255
2499
861
1125
8343
8995
5325
3979
7345
7821
5443
5195
3403
1597
8277
7351
5111
-373
-265
6137
5251
7511
6151
7073
4279
213
-309
6951
6987
2409
3701
7611
6687
3711
2769
7023
591
1541
1665
2141
8045
7485
5327
6761
5581
5675
3953
5345
-231
5275
4803
8853
7547
3575
2175
8141
1079
5067
-551
-355
503
6139
525
-889
-265
-823
2523
8821
3045
2497
-657
899
619
4907
5171
3101
6095
1275
7607
6237
6519
4041
4785
4259
1707
4829
5017
-541
3087
5145
4355
4347
7409
7477
3211
1293
1595
5311
8359
5849
4089
2381
5837
1433
-473
857
8885
4281
2417
4401
3819
923
-481
41
949
5251
675
6665
2695
7703
2143
3957
1543
2105
5973
8347
2233
7651
381
2321
8943
1623
1939
8853
5531
1735
8063
8553
791
415
2433
8061
-277
1337
1293
5797
-387
519
165
4885
3417
1251
1109
8853
7663
1333
4149
-971
1633
-201
2321
-25
5257
641
7585
4811
8207
3511
2817
5515
5913
1781
6621
2697
3019
3017
6379
4031
587
6811
3061
1673
-447
7531
4971
897
7097
9
4547
6151
7885
8793
2879
7775
2483
121
4951
8045
603
6247
4893
555
5241
1997
6521
2589
-333
723
4951
5293
6329
1109
3719
7603
5931
183
3399
7649
819
1797
2319
4551
1825
6819
1803
745
6799
2723
2111
6031
6703
7863
4549
6625
5013
751
883
3401
8427
2857
7407
4921
5693
379
6945
2571
2183
4391
8417
3191
1919
907
6221
5531
-647
1417
2545
281
7539
2473
6955
-885
5683
5677
1075
4183
8693
3611
1501
-181
3297
7973
333
7225
5943
1607
3553
1209
-311
553
1861
5837
8603
2633
7163
1739
5057
8345
8135
-17
861
3319
4183
81
4955
-173
8297
3721
-805
8849
6585
-749
6185
1019
-963
8307
3539
5771
8759
847
6181
3515
2857
-609
1215
7043
921
-905
6289
-717
2697
8631
-669
6119
5011
7935
6225
323
-27
7923
4239
7879
1713
7115
7309
2339
2027
6909
-783
7855
7513
8189
4285
8873
-545
1441
2671
1413
5013
1949
979
3333
-865
2063
-673
4077
1745
2027
6121
6543
5459
-591
8273
3737
1943
3073
8515
3829
-443
6541
3725
607
7527
373
4917
-801
4527
6153
6955
8141
2199
6999
2021
6319
1757
3141
5079
4835
6845
899
4177
5379
733
4821
4135
7507
1557
-723
6101
-541
2459
3161
-849
611
7
757
2459
2395
3107
1533
6779
1967
5699
3713
-921
3887
7641
6205
1263
1029
4669
2337
5399
3921
6401
8415
1415
5345
2143
4529
2455
3199
3629
7579
-821
4525
3643
6061
8275
667
-617
4327
4165
6117
-869
-865
3603
553
1477
1431
5573
-589
4513
4549
6507
2023
7027
7879
8427
1571
6691
-785
7281
6461
4587
7719
4885
6093
-177
-985
7471
1887
8223
8801
2539
7743
5307
-521
505
4623
8209
3305
4661
7803
617
7443
5633
21
4079
8393
7069
6511
8793
3311
5583
4453
8827
57
3323
8859
6097
1759
8629
7035
1069