2202
1294
256
460
6278
496
1308
-468
548
6956
5548
4630
502
-556
5226
6938
1724
8672
4256
7698
3258
378
6336
7774
2214
6452
7298
8070
4688
2298
8188
1846
1584
6896
1408
394
2746
54
4776
7880
1618
-332
4926
3028
8884
1610
-44
7812
2962
4322
6538
7366
-236
6214
1914
4258
976
6664
-806
1416
5896
1822
-614
5904
7082
5270
7120
5680
2620
4216
5062
452
8406
8524
8142
2934
-162
2364
2096
-18
-2
352
-746
888
8962
-988
7718
92
3260
-280
2772
7870
8546
1344
1412
8684
3496
1610
5320
5040
8704
1850
766
1352
1558
8562
20
7874
4780
5026
7022
8334
6950
1900
4510
4962
1940
8486
3066
800
5392
5174
5764
4860
3502
5896
1928
-110
7122
6438
114
8050
4524
6916
6614
5184
3172
1786
6370
994
3814
426
4834
3432
8872
4566
8896
816
1082
524
1220
4786
7956
1368
568
6864
-94
8468
6600
-734
3448
4118
5558
-248
3420
5796
5010
4826
4884
5716
5578
5060
3372
7322
1660
3460
1900
1358
-348
5474
5944
228
864
988
7086
388
2314
6820
7630
1406
3662
6552
7138
3602
6838
1382
6650
566
-248
1062
5588
4860
-46
890
8464
4060
2950
496
6300
5416
2764
2792
-464
78
1202
7444
1662
7938
3568
4314
2770
280
7226
2772
5700
6294
-402
3366
670
3554
7852
3122
8926
-294
-846
-486
-866
8964
7660
8056
1628
1848
238
4350
-724
1180
-142
4130
234
6180
2434
6790
-484
1272
3188
7528
8856
8978
8372
1716
2140
-48
3040
3310
3726
3262
4740
1384
6152
3570
244
2376
2922
18
3010
230
8176
1760
1966
8732
-286
966
788
-662
-682
8958
1856
7914
5538
8178
7972
1532
5288
3020
8752
8900
-548
4698
3318
1374
3154
4640
8234
2800
5606
3858
290
6026
8206
-436
4806
1350
234
7524
5546
4530
-906
722
3176
2298
102
2460
5838
4776
1366
5366
3086
6988
3942
8400
1094
3660
6986
2394
7622
4952
1462
5182
1732
1628
1020
4536
8902
-230
3064
1364
8114
-752
2158
3512
1674
6306
360
2486
1968
542
3120
-412
-462
1110
6738
-970
3452
-964
5730
3028
8448
-380
7858
3022
4006
-962
5862
2240
4206
-540
3508
7542
8668
-266
1722
4432
2810
3092
5832
8052
4716
2166
8958
5412
1586
7658
-924
6476
7862
3004
5770
7598
1870
-376
1802
5446
1004
2420
-544
506
2348
76
3598
7942
3484
5778
3584
7502
8546
4976
1988
3884
6144
2656
3122
7230
5128
7562
-950
-394
5870
462
4148
1538
5968
254
-410
6180
5560
878
-308
6072
694
2500
5208
8718
-694
-798
4264
2502
5462
2878
1836
8284
3076
2386
1046
156
224
320
2102
596
-112
2472
8900
6990
1026
384
7024
5598
6612
5124
2418
3788
4602
8232
1222
7966
3090
3746
6204
2970
1466
136
3138
4818
878
6970
3912
-860
196
8950
-310
4110
2334
7128
2136
852
1202
6474
5456
5448
8062
6266
5548
858
2578
1974
5062
5700
-962
6890
6660
4464
7640
5352
2626
1714
4026
438
1318
760
7008
8708
8948
5294
-498
-838
7796
4134
-742
3568
5230
6318
7022
7498
7694
7254
588
1656
8700
266
760
8226
-828
4744
1196
6856
4052
710
4550
4658
8952
-594
2410
420
6106
7428
7974
2
4024
2826
5572
3572
3614
7878
84
1046
6282
6778
1886
2824
-812
4494
-636
1290
5126
1170
2680
5896
8430
-946
5244
878
1574
7748
7000
6472
7644
7178
2266
5696
6290
5164
328
3448
-638
6868
5130
-430
7456
308
-172
390
2772
4320
5252
8024
-284
796
1438
4118
84
8788
-440
4388
7020
1594
-94
3114
4726
5720
-714
6186
3926
3784
2018
6220
6618
2964
4474
4486
4860
2462
3848
-414
7918
-744
5678
454
2138
1184
5422
3390
4944
7102
7314
416
7092
4176
5294
1470
692
-696
6136
8290
1850
4680
1130
1394
4958
750
1362
6004
2828
2008
778
1700
5998
848
646
-938
2224
2308
1040
8424
6936
4242
3290
1474
642
2162
3316
554
4198
852
5282
4032
6240
-238
4998
2960
8504
2508
976
6118
3742
8572
642
5104
1894
4648
2416
3152
604
3716
8558
-282
8870
3150
2106
1528
3940
7548
3870
2948
362
-852
5348
7606
-998
1734
280
5942
7748
5734
634
3708
2718
5634
2192
5816
1488
-400
5688
6634
-994
1284
3438
5534
1760
1044
5446
1314
1574
7652
2184
2302
7250
6076
7290
8828
182
8608
1256
3684
8458
-572
-284
1472
4714
5780
1612
8304
2418
7674
2376
1128
-478
156
-30
6728
8108
5322
-28
7176
6028
4190
6688
2804
5860
6074
3854
1190
3472
7616
-802
5952
1144
8846
7436
492
964
6470
4740
7896
8132
-828
4156
-874
8422
452
1802
3622
4174
1666
-466
3020
8880
5006
6788
1984
5014
6500
-580
-310
720
4166
1724
4262
7826
6596
-332
5410
6540
740
6032
3106
-34
8536
7490
596
8776
-832
2832
6050
1866
-118
5640
8616
6162
4240
-204
8352
4710
-494
4834
7462
-148
2862
4026
5834
4644
2770
8052
4192
544
4504
4000
466
-324
2076
8792
656
6872
-924
3628
1794
4366
-862
4360
3904
5820
6698
2764
3052
4004
7252
7456
2498
856
1924
5670
6758
7520
326
1012
-358
7682
150
8764
5306
2030
5932
7636
3586
2406
1926
-128
7506
822
976
8192
3418
-672
7612
7706
2352
7708
6476
1494
-874
8352
-462
1770
-742
434
3796
6368
-432
-172
6736
7296
-766
4802
2560
-784
2658
628
1708
-212
5132
366
4490
1692
662
7900
816
2096
792
3940
3532
754
6370
3922
3710
8314
5084
5530
6948
5302
2926
4128
8106
4760
7054
4736
8384
6518
228
3092
8446
654
4196
1760
-150
4754
4962
5196
6550
-852
2082
6928
-760
4432
-62
4150
80
256
7648
1572
-164
1848
8582
1808
7762
2504
1626
4054
7194
2834
2448
-844
4280
886
1386
8298
1178
8994
1070
4698
2782
-68
7504
3850
8946
502
6380
3984
1068
7884
366
3302
5070
4970
-20
2518
-858
4884
2612
7760
2272
3636
5922
1452
6576
7184
4664
328
240
-952
980
1294
-578
6526
1366
462
574
7738
1720
8208
4730
7498
7854
4518
3666
5568
-634
8098
1948
8152
7196
7368
6378
8384
8576
6228
1972
270
4940
5718
380
6070
1338
8638
6350
7318
7830
2962
-636
1436
4816
7056
2480
4388
4624
6756
7108
3542
5294
6698
1146
2182
3700
1456
1190
7938
1096
6372
2266
2736
-728
1438
3802
6564
8104
-350
6944
8666
1808
572
-272
-988
5712
474
5080
4912
594
6534
7758
662
6788
5944
1872
6596
410
6418
7574
5712
4338
6808
5752
-238
8660
3222
2258
940
4748
3176
384
6516
5398
3878
140
5596
-744
7170
2886
3034
2144
-34
1878
3572
4454
7840
2710
6848
-956
3682
-774
1368
7164
2352
8868
4338
6742
1338
6136
7838
8650
8146
-852
6102
764
5444
2864
4074
1392
4312
1140
3364
7554
2526
3526
2668
5544
1988
6252
8284
526
1418
4012
8412
2378
-836
8644
4434
7892
1008
8454
4762
1702
1082
8808
232
278
2056
8684
2756
7550
6732
1112
6618
1084
-410
1142
8448
3054
1656
7988
3494
8096
-122
8946
8620
1324
3836
8380
6250
3490
2514
1992
2424
4306
6630
1692
2308
5604
3228
5094
6218
6282
6452
2176
-4
2084
8922
5180
3826
4308
8498
6708
4672
4668
8948
6958
122
7510
8796
-90
1512
2436
7432
8978
6982
2908
5792
1448
-198
2308
570
3528
4298
8980
3330
478
-540
324
7710
1706
8970
1866
570
1086
-260
2136
2668
8948
4614
4714
-620
-636
2830
382
7814
6680
7538
4478
3202
-410
7616
1814
-184
1886
1626
5786
7000
2908
5528
1418
1840
4644
8492
-290
4714
1690
4576
8124
172
3662
5830
304
-132
1318
5106
5186
3916
1798
2750
844
836
-412
642
1868
5838
6864
6926
626
-506
2102
6104
-428
3742
5410
508
4618
4094
1196
8892
3434
7668
6518
4388
4864
3602
7836
234
6404
2050
-666
8122
-158
5580
8808
1780
6442
650
-102
956
980
4290
6310
5656
3622
-258
5312
-954
-70
3482
6114
7458
596
7972
2248
2008
5242
4948
4574
2114
1354
4832
8296
7838
1682
300
5526
3594
4162
7066
2098
1110
-546
4890
1992
2804
378
1540
3444
-830
4730
888
6588
502
546
1110
1368
946
1766
4818
1844
8960
5006
4212
2248
82
5284
-554
194
-542
8888
6726
-116
4206
1010
8850
248
5040
4346
5976
8666
-992
8712
1768
-174
2084
7436
4238
504
7288
3984
2284
1616
3856
7042
160
754
698
-898
2552
6984
4342
-732
4728
212
6678
4912
5380
2930
8706
4406
1056
1218
890
734
-150
5396
6886
8556
3466
6606
156
1656
7696
452
-516
2460
1762
5432
3112
3194
226
4454
2890
-534
6224
988
8174
2472
4056
1854
6528
1556
320
3062
4914
6072
1002
816
330
2392
3314
-460
2230
6228
3120
4882
7192
6356
2918
8924
2124
1560
-732
6246
7412
3774
7528
8756
3390
364
7358
8602
6638
8758
6864
1090
5452
8142
-798
4206
2160
4410
-922
8856
3866
954
1956
-600
3300
482
4540
4408
1710
6660
1426
1766
6826
-816
8264
4410
646
1962
1950
5750
8204
-86
5012
7738
3626
1746
-930
8086
408
1220
-836
-148
7638
7578
-808
1406
-904
2196
7062
8682
322
5840
1476
6902
7590
1108
1088
2182
6246
7102
1608
3960
7358
6832
4312
-446
6824
-130
2496
1628
6684
4210
814
1822
3692
3094
-60
410
5966
8526
5250
4496
7654
7440
8066
5190
7228
2782
2292
1928
5630
-264
1934
8812
6050
4260
6948
3106
-258
5170
3710
7762
6812
990
5410
5982
6696
4610
4932
1300
6394
-434
5646
3684
8730
5324
1130
3486
1530
5222
1082
7616
6004
5060
1922
1824
3118
848
1542
8760
156
3270
4660
778
-396
2184
5012
8160
4506
5840
3054
7798
1186
-916
-568
2136
4178
6150
5568
-168
4706
7216
462
3638
1406
2038
6780
26
3072
8308
-930
2346
4844
8780
7830
1890
8924
4718
1638
3844
3604
1098
3252
8796
4176
6918
6654
5254
8598
4638
8614
-694
-446
5412
8862
1908
1054
7056
952
-394
-934
3200
3114
3912
8064
8630
8160
3210
524
2594
2076
6256
6766
4454
2362
-46
1900
2422
580
3622
-168
8152
928
3090
6110
5422
5934
6010
2304
-566
-996
352
8018
588
3468
4858
598
7054
2568
3828
2366
1574
4504
1300
-8
1874
7268
2068
4710
7858
2678
8802
6626
2632
760
42
2468
3764
7512
8536
1204
3036
8218
8964
4552
2282
2642
376
1898
5492
2504
312
6638
6864
8366
-156
288
1424
-694
-128
834
5936
1912
-916
6100
-44
4042
6650
3712
8844
286
7392
7048
-652
3926
524
2544
6272
2836
4226
1390
5258
2510
476
8516
8490
1310
1506
578
7688
6374
6062
3100
2262
5986
644
1540
7600
7414
3110
6420
5786
-824
-370
8006
152
7920
3574
5850
5926
-678
2896
5152
-122
-328
404
-286
936
-370
404
-828
7940
8584
4368
6196
1618
8374
5424
6062
978
4628
106
5338
1332
3044
7700
-116
4742
5300
1210
4942
1972
2192
4860
-8
4312
1168
-38
1588
2904
5756
-832
-642
2946
2150
304
6002
3134
2520
-94
5336
7390
6198
4008
6528
-162
-332
4638
748
494
4342
2332
-628
6530
3250
-736
6280
-790
-682
6336
850
-434
4020
854
6052
4716
4788
1658
8060
7810
7892
2336
24
7466
1342
6464
1412
5308
3944
7036
634
3272
954
1668
-862
7806
3650
-58
8060
1668
974
8076
6334
6006
3400
6550
1660
3670
-392
1190
8598
4842
7118
-504
-160
4994
6526
1746
-476
-324
-196
7346
5502
7718
206
728
8190
-428
7840
362
-688
-50
5786
6660
854
4818
1844
8224
16
6408
6330
-692
-596
8574
548
-358
8380
3518
3602
5730
3834
8394
4104
728
3936
3610
5334
7672
2240
842
134
2070
8010
-964
422
-66
1130
190
-148
8658
8454
-804
4406
6002
5154
464
7568
1530
5034
5678
1138
768
-532
2462
4986
-648
8300
6216
5258
7966
6442
4512
580
1976
-302
8130
7528
3694
4812
8000
-808
7154
-104
8954
5314
1840
8122
6978
5894
5724
342
774
4880
5538
1820
5994
6700
7186
296
840
-806
7516
4276
1736
5416
2284
908
1344
6546
52
-502
6568
-610
1478
6488
5048
3572
3852
2476
3490
-388
7958
330
1338
1802
7238
4718
-58
5940
-128
2772
7416
4592
2222
5146
3118
5576
5306
16
-544
3032
2802
4366
1248
8614
8656
-34
4994
2616
-98
8762
914
-428
3834
3316
416
7594
8600
436
-156
-80
1602
1018
-84
4396
7062
6122
1804
8998
5676
894
312
4318
4182
1106
8082
5644
4674
7712
8938
7834
7952
1590
7360
8412
1818
-436
2484
7510
7754
4098
1746
4204
2816
4656
2060
1212
2994
7640
5988
5546
1194
1602
4750
7008
4904
8934
7088
5212
8444
1700
7684
164
1002
110
7492
5118
7412
6374
3882
994
6180
8610
3102
8386
-938
7314
4336
1702
1488
7490
160
7806
7972
4724
8570
444
8764
5826
2986
6604
8968
386
312
-750
1100
8364
-66
4296
6356
4904
6032
4768
3308
7272
794
3792
1660
3288
7778
5920
-78
3392
2932
-86
2386
1216
5172
8754
5684
1322
5686
314
7760
4598
4568
5578
6664
5250
3762
1788
-186
1764
7606
812
3046
-328
5714
2786
3208
3368
1220
2700
8450
8294
3024
2110
6802
5162
-20
6980
4576
5110
2276
8400
1720
3210
8384
4626
4406
2222
1434
7996
-586
4822
3056
7028
5486
640
2886
1740
5088
5562
1000
2386
4390
2722
5864
5166
8878
3578
4712
1960
5590
6380
806
6238
1018
6654
8046
1250
1262
5596
7552
7514
2050
7492
3044
1034
7310
2944
4252
8272
-90
3362
6116
-784
7168
5490
8656
7418
8400
4304
3800
1452
4166
1230
7358
2716
2332
-996
242
7912
6312
3562
-396
3720
2248
-2
630
1440
7436
2704
8216
7510
3530
5558
202
648
6346
2578
1040
7008
132
8994
5148
1686
1388
8686
1724
3036
5748
6620
3662
1958
90
6528
7790
5564
4790
-252
1592
5188
-178
3174
2716
1782
2044
-662
1278
1104
6992
380
3680
5612
3752
8558
-844
1904
4720
1576
4792
4932
1512
4386
-824
-644
2106
4620
858
-868
6490
-352
4080
272
298
-182
4068
5604
-716
3370
6404
2030
2838
5482
7734
5966
6868
5738
-980
7556
2036
1016
6242
8194
1684
1666
5536
8044
1464
8592
7360
7640
4296
-754
2638
6110
3354
4986
3352
5514
3734
892
3842
-912
5352
7898
326
7864
7590
2484
2120
7614
282
578
7342
1144
3048
4392
6420
-602
688
5514
5038
4070
2446
972
8928
7438
7426
7028
8330
1214
1864
3238
3774
3446
5292
8580
2058
2802
7976
40
3490
-562
692
7154
1796
-160
-912
5764
2036
8958
-612
6038
8648
3724
8398
3954
2256
5716
5152
4672
2174
3228
3154
18
596
-724
7052
6894
-328
4426
-492
4194
-6
2040
2818
3618
5814
6310
826
7826
816
8738
1320
468
6460
7860
-58
6952
7118
4050
8956
524
4834
-468
684
-232
-594
524
5364
5462
346
-332
1350
4618
5088
2380
-262
7654
2412
7332
6202
-298
1774
6100
1652
5846
1426
5086
8808
5224
4096
6848
182
6372
264
5730
7954
7104
248
8708
5688
2098
928
882
2598
6638
6956
116
1762
1200
2518
806
952
6576
612
2586
8594
8592
8466
2412
-544
1740
514
7232
8320
7780
722
8882
888
6116
1230
3298
7188
-712
-130
6622
2984
426
2508
486
8610
8170
2510
8346
1358
7504
7860
2026
3670
5946
1764
5026
2148
3282
3148
6912
2844
-360
6546
8804
5766
6892
7286
4262
6214
3396
138
-258
3190
924
4578
-18
2290
5392
5590
5188
7344
3096
8170
6994
-900
146
1492
7960
1656
7670
7496
7422
466
-48
7540
5038
4160
2196
2818
-26
5568
976
1044
382
1038
1042
-964
-70
1798
-830
2368
-142
5416
5370
1298
2550
7818
5764
3854
-148
5076
6154
660
2712
4542
6284
550
7098
6334
2088
1078
6432
3938
-678
5676
6610
2726
3256
2180
-406
2324
3542
3976
6576
-384
7180
6432
154
6440
4232
3224
362
6738
6402
3326
5838
8318
-758
8290
-724
1988
-524
2496
7270
8036
3694
2888
8604
-238
3478
5370
7156
5582
5014
612
4476
-880
4904
6264
4698
5694
2636
2180
3256
4838
6802
8566
4530
4388
3388
4578
6352
-778
2208
1020
3830
6054
1610
2692
1086
8350
4486
2132
6124
7886
548
5502
6762
6464
4460
8078
5198
7924
2032
438
1798
5990
-820
8724
1870
1266
1648
1208
8540
3386
3692
2096
-498
-78
430
6054
1716
3492
1336
6736
6360
2486
-390
-664
8622
4336
6358
78
5632
4138
-778
7290
358
4722
3500
3400
4
814
7246
5650
3376
-790
6912
1480
8436
-698
6324
4126
-372
5030
3436
-780
4548
2258
-396
5088
260
1392
-680
-810
-132
2916
3376
-110
-908
5384
-110
6498
4536
7742
4988
-166
1610
5184
592
908
3944
-186
7390
8382
1048
7640
5742
-506
4720
1144
7212
5150
-906
1680
1608
8972
-534
7900
6304
2898
-932
3140
1858
8980
7418
-920
7328
4022
3338
1266
7538
-798
6124
-8
7660
270
7638
396
2374
4186
5902
550
-278
4242
2666
-16
3464
6486
4474
5146
132
1534
2308
1398
8970
5614
4382
5708
2398
1000
8872
1460
1610
7930
1592
6526
3124
5970
7272
4148
4976
-852
6036
5640
2044
5572
5094
7730
6728
3452
8440
1664
-544
7104
7248
4902
4536
3952
4224
7952
22
-322
4
2350
5426
4764
-370
4304
528
8350
-838
7876
774
8434
4978
4698
6506
2034
2016
568
1190
3280
1292
6122
-940
6212
6314
3850
4340
1688
6996
532
3310
576
8456
8716
8300
4804
1314
3208
6258
3810
7746
120
6106
6388
5346
80
1868
500
-894
-370
1396
7734
2664
3380
2984
3682
3648
7892
764
8484
-290
3216
7020
194
3528
7760
628
4994
5164
8988
-342
8814
6766
-844
1074
-602
-384
1394
390
400
8592
2104
2212
7048
3330
3532
5722
632
5852
-118
-416
8216
6752
2302
1254
8268
7072
6954
822
5748
6532
4910
-82
-698
936
196
4308
6774
-442
2252
8844
-256
5282
6002
2564
-862
2692
614
4192
7376
-750
480
-32
7278
3482
2864
688
7570
574
3872
4748
5460
3738
236
3702
-248
-734
4338
6092
5650
7696
2552
-212
3622
3284
3498
4080
930
5408
4024
3420
1168
1882
4206
1742
2002
6592
5006
5278
4804
1468
6520
3680
-598
1642
4894
4956
7778
7980
7644
5084
7948
4804
2728
662
2372
-228
5994
5716
5328
3334
6572
4266
3176
-144
6644
1692
1692
-154
-682
6652
-926
1808
338
8584
-426
8572
-172
1070
832
-570
6022
7594
1680
3916
6892
2990
7602
8704
6328
7000
560
6308
2800
8606
8372
-528
5412
190
7474
8344
1458
-894
3796
2410
602
3508
7996
6770
882
8894
5998
7066
5476
7422
308
5524
5738
7114
6470
7950
-42
8462
5842
1072
222
2728
6644
-756
7832
84
-618
3260
-844
4468
1690
1202
1518
2956
5332
4084
3574
2020
1172
-678
7088
-904
1428
7256
6056
192
8140
3706
1776
-722
898
3952
5102
-398
5746
4546
4776
8394
3232
1168
996
6780
5770
2376
1262
592
1360
3418
5954
7192
3302
2846
-126
130
3970
7820
-134
4758
2646
4260
1196
7906
930
6068
3614
8994
-154
6648
250
6576
3244
8986
-492
3284
5310
7582
4940
-198
1908
2076
5606
7500
6900
1572
5068
-722
-980
8034
1994
2230
4252
1618
6300
4426
3456
4450
-30
4914
7066
1374
7068
-102
8886
4826
920
8808
8290
2770
5560
4330
5016
2690
7684
5150
3206
8544
5732
368
1100
4346
7832
-550
7572
6334
440
4554
1344
-420
-822
4936
8060
5596
6134
4214
1884
1038
5082
3486
-214
6862
6486
4854
4274
6836
-56
1468
3624
5018
3046
7052
2032
6496
1814
3816
4812
5416
8400
-266
58
5300
900
4564
842
900
1852
2200
6866
6770
7634
3974
-658
-576
2272
6690
8558
188
6246
706
4288
7218
2338
1582
2688
6564
7898
3624
5758
1198
946
8994
4830
6220
8782
-698
6000
8252
-520
6550
6102
326
6
7824
8040
7878
6232
2230
-406
8632
3218
4422
5664
8908
2620
8612
4224
5934
8764
2732
4378
3608
7542
4792
4084
5036
5918
2324
1108
174
8882
8988
4508
-270
8932
-804
3704
7594
5190
1388
6776
-654
5030
-88
7182
2296
4142
5958
2704
7328
-450
2590
3878
-872
2128
458
2142
4022
1334
6594
-614
6124
2114
1270
7314
7646
5964
4046
312
8820
8172
7988
2446
3120
-808
6950
3596
2352
4626
2810
698
3696
4354
4066
-256
4474
2964
1646
7448
4990
2526
2644
4714
8722
-832
6332
1728
4178
4844
-646
6254
470
6172
2636
6958
8604
1772
80
4178
3624
5700
934
2016
2266
1184
7054
3110
3652
-156
7420
-964
5254
40
-958
6854
6192
532
3744
1832
6398
3948
4944
222
3698
-288
6052
4842
7258
6650
3948
3908
-8
1252
6518
7308
304
-308
-40
1784
-560
1262
4284
2718
2590
6262
2610
7358
2382
1624
2336
982
-262
8346
5780
1572
1700
2826
4186
2404
1264
-616
5758
3004
1720
372
4328
-594
-426
368
4124
5722
5480
5484
6772
5890
8182
3664
-494
8054
1312
8946
8830
3890
6368
394
8712
1586
984
6046
8130
5848
-632
3868
5166
3330
456
6148
3286
4276
7324
312
7114
6552
-230
2316
1084
1604
5508
1390
4324
8390
2262
7152
3194
1088
6562
2250
6280
3442
4086
4934
1536
3804
4214
6750
8908
4112
2456
4516
5164
-512
4722
5602
7406
8958
3726
3222
5474
-122
-150
-656
850
1448
4548
5332
2390
8788
5682
4012
7078
358
4264
7150
4188
2528
3182
1862
-906
-694
758
5620
5630
3898
8466
3858
6900
8608
5076
2502
-256
-462
4352
3672
1868
4304
2234
7750
-72
3438
5504
8740
6896
3130
5464
2506
1472
-470
6780
2310
-814
6708
1362
8182
5918
-342
-614
8772
836
1714
6584
1332
8194
5454
8994
4944
1594
424
7034
-430
7952
1350
-844
6522
3024
5022
4944
114
944
1668
1688
6886
1316
156
8430
5870
694
5028
380
386
-190
4666
978
2054
5622
7284
-366
3528
2166
1282
1878
4550
524
3732
896
408
852
4878
1482
7178
6178
6188
1968
8146
8852
7766
1498
2312
8074
662
8668
6492
5208
-20
5546
544
4666
7278
5004
5138
6312
2930
3210
4232
3612
8810
8860
-982
4440
4026
8592
780
4746
5862
3904
7920
1780
4638
3276
2220
5416
-960
1432
2242
3858
5820
6846
1606
2354
1556
3818
4068
3470
6776
1562
6768
462
-634
8168
2752
-640
4358
3402
5726
1564
6786
8412
3004
3822
4878
7472
3540
3740
6484
6634
4444
6860
5200
252
230
8308
1292
1026
5978
3272
7112
6846
7460
854
-372
1542
1740
980
1384
1726
3504
6722
2048
1832
824
1616
5454
5422
4650
4384
1918
4228
4662
5200
318
5904
6222
1074
5932
7864
7518
180
1692
7064
312
4656
8310
2472
1056
1212
2670
6092
3778
7604
5550
2412
2844
814
3150
-174
7784
6552
6852
6104
7948
6974
4828
2240
5342
2708
6476
7042
8320
150
32
4620
4936
-136
8426
868
4228
5068
1966
-282
1232
3342
6548
1810
1414
2812
-298
1120
5990
8084
4862
6190
3474
3908
7750
7278
1936
4464
1904
7154
1614
8032
1620
1668
1112
-226
-56
1114
6662
2196
-730
2512
3868
6062
-14
3776
8000
844
3232
2312
2390
8764
6920
8028
7830
6942
4684
8852
-702
2044
1530
1506
-302
-328
-430
162
1694
7434
6060
5538
3706
-130
1456
-510
5608
8330
3570
7058
1688
7592
-640
5270
540
1694
456
-240
-638
48
7544
854
138
-380
8546
362
4970
5272
4746
5156
4362
6238
1678
2290
7932
1380
2128
5300
892
30
3118
592
4442
544
2284
1112
3706
-944
4766
1952
656
7158
8364
1162
5434
1300
1790
7142
1234
448
2964
4202
2100
2162
728
4012
1726
1662
786
2044
1356
1848
5360
-516
34
7610
-552
-246
-558
1764
8290
7208
3594
4282
-94
7160
3706
3192
5460
5082
3574
-450
3060
2920
5960
596
4734
1922
7036
674
4546
5132
-480
174
5278
-134
5198
6938
8698
1792
8812
2546
2158
1254
5640
252
-992
-376
6890
4818
1996
5020
2384
426
1482
7854
1606
1660
5574
6750
3670
3344
7078
4590
7572
3594
8068
-842
3456
1390
-336
-294
2666
-260
3838
7392
8042
4764
6718
3110
210
4222
2320
2678
4166
3566
232
6502
8802
6166
112
-124
-750
7172
2568
274
6422
4964
8300
7408
-404
5376
-962
8852
898
-910
-278
170
7618
1666
8070
2170
5174
486
6620
8982
7382
4136
6830
2734
3104
3726
4518
8244
6440
4426
7998
1696
80
7590
7118
-868
2570
822
3824
-638
7062
7278
4456
4938
2692
3344
7788
5322
8704
568
6514
4770
118
6444
5114
2198
8370
6968
2588
604
5442
646
3662
310
-252
-374
4566
990
7232
194
2022
2570
1402
468
3782
8164
-610
4794
304
774
2028
4076
4882
-954
-634
3554
1444
1624
-678
-374
8690
7522
1062
5478
4356
7828
2668
8116
1384
940
2316
4922
5532
8710
2794
98
2726
8256
132
2928
5444
2282
7818
7160
-296
4310
8408
8400
5038
5268
8432
2146
-370
4658
7546
8344
-390
1992
6240
4590
2816
7246
8006
7624
8076
-340
-196
230
3366
4218
3944
-648
1336
3228
2734
1532
5030
1398
7148
746
-54
5150
5322
5280
7068
5978
3412
2944
7900
3412
6462
-6
-776
206
-682
5210
3904
3108
846
2350
7766
1488
468
4994
7460
5598
2882
352
524
-220
6518
2164
6972
5708
5496
704
7298
7312
-532
8334
4074
-408
-822
6578
1952
2868
1644
3852
3636
1746
1616
3906
5538
7006
7606
24
7380
-182
8664
8196
938
954
4350
8810
2428
6326
3394
8372
2332
7848
1116
654
898
332
5234
1512
8416
1528
-244
5628
-612
6478
3036
4012
3746
3718
7672
-474
3560
6700
-872
5212
-720
2274
4112
5800
1540
4120
6038
-662
5914
2368
1438
8860
742
8208
-204
2982
6152
188
7884
7570
8146
6196
3806
356
-554
5902
5674
-16
5302
4816
3060
2816
8528
4996
-14
2788
3358
-850
-644
2866
1966
6280
758
6016
-440
5468
7044
2000
4774
5244
8066
2242
5644
8254
7998
2786
1436
-178
6118
2976
1720
1006
8406
7708
2722
2864
4324
-942
2824
6840
654
5604
768
8560
3994
4658
5792
4946
2332
7852
3368
-554
6568
-382
4526
116
6944
8948
2780
1012
1342
6762
6526
8906
6036
1416
546
2272
4120
7718
5884
7610
744
4784
622
4054
-292
-84
100
8424
4858
4560
3316
7320
2606
-450
8520
120
6164
8076
4932
1578
4936
3610
606
4106
5006
6168
1144
3332
1272
-626
782
7576
592
1048
5210
6274
7072
3022
8554
992
1446
-788
7272
7924
-496
7222
8612
-724
8130
5014
5304
3904
4330
1910
-342
2830
5944
3304
4796
-112
814
-522
1946
4600
2886
7942
7596
1128
5226
6278
70
306
1266
4164
350
4846
3030
6586
3666
5670
1638
1640
-942
3088
74
-46
238
-554
2056
3040
7212
8846
5204
2022
-192
7142
7730
1084
8372
4750
8146
5474
2824
5144
270
2848
4548
-124
1312
3320
450
5066
7230
8272
670
4110
3518
3142
7706
3048
2764
-296
316
1480
8922
1122
630
7548
6996
2946
5700
3690
4444
5112
112
6034
3574
2954
220
2568
6078
5332
4286
894
662
312
6324
2842
4552
6896
6444
7456
6654
-568
2674
3098
-14
1394
1194
6856
-20
7588
-726
1658
5408
-328
3498
4056
-244
7522
1982
4028
4786
4128
4174
8490
4158
1142
7388
1278
760
6778
2212
104
7718
2376
646
-306
1834
7096
3734
2272
3812
5814
2312
606
3870
2906
864
-960
-82
4670
7054
898
2040
1856
8230
1488
6072
-622
8892
-484
2790
2928
5404
310
1204
1670
512
-176
8966
3520
7798
4030
5236
1682
858
-924
1544
3612
1952
2362
1580
1352
3296
8068
-386
284
946
302
1238
4396
8976
8868
286
5338
2478
6172
6598
6396
502
1942
4996
8432
8708
-344
8324
6682
-800
6028
2812
1668
-596
7818
5406
8144
2038
1272
3390
4344
1996
4800
-410
1406
252
4832
5600
1660
1632
326
6142
2332
3260
2804
3212
92
6116
-490
7670
5726
5694
-74
3546
7926
332
3540
4022
1116
-828
4680
7952
2686
8778
7806
292
8178
682
3320
6398
4034
6772
5406
5718
6052
8442
994
8992
4438
3748
5044
5798
7788
6456
-320
5102
6780
5364
1624
8800
2488
2356
3256
1356
3226
1698
6906
6640
1726
7376
8180
8878
4078
1400
7120
1338
2410
-290
3612
5542
3376
8052
1648
8602
8994
2734
-206
3954
2512
3322
4392
2808
-706
8430
6404
4576
-344
-458
-410
3780
2382
2366
672
7824
-532
6122
8686
8532
-670
2088
4870
-864
4156
3502
8558
8808
6728
4564
214
-742
5468
556
5168
5068
2888
4520
-446
4276
7666
-746
3460
4680
2174
7560
1316
4916
1970
8890
6998
1190
6616
5676
346
7494
-28
1958
4058
6100
-618
6176
8554
3834
7296
5188
3202
4940
1144
5170
1322
964
8872
6962
2134
7440
350
3868
1536
-660
2904
5440
1234
494
-242
6246
-76
5440
-212
6966
5732
5686
3292
2192
2664
-452
2918
6888
1338
-922
8270
8092
2350
8304
7512
6610
762
5382
5766
5964
8232
6850
6758
3424
1682
3048
7246
8412
3872
3466
8342
730
7942
-310
464
8268
1298
2482
4868
3332
4106
-514
1402
656
7706
8730
-214
2856
8772
-142
8308
1452
1000
326
-912
402
3284
3072
7050
6802
-928
1342
7960
556
6532
6946
-310
5650
3604
770
3726
472
70
484
120
614
-928
396
-378
7424
7640
-714
-578
5954
1492
7348
3360
7724
4248
3466
8018
8400
2950
6334
7968
-738
4854
5350
5776
5688
6320
478
8616
8126
2414
5092
-716
298
1918
6990
7272
562
6146
240
888
292
4996
3808
2196
3780
-66
792
1410
4842
5528
7568
-686
6606
7274
8924
6906
2216
-412
-700
810
3076
7416
8744
4562
238
7868
1970
4650
6462
4826
-568
8702
6006
8770
7426
5262
2076
3454
2832
286
-712
-458
-688
7876
6598
7986
-706
-202
120
598
7370
5870
108
560
4812
7062
2876
2208
5674
-6
6100
6720
4640
1624
2406
-918
-462
2062
3806
6138
2960
-178
1312
-410
236
628
3252
-128
1904
7068
240
3720
6476
820
-592
8192
1890
858
8906
1952
5954
1710
3220
3792
8386
3172
3430
808
8206
7234
7580
8076
1540
5376
540
4620
1908
5984
5802
1156
1486
8894
5864
3946
3794
672
6356
6928
924
140
2930
8104
7002
1684
400
7090
8050
696
4874
7154
2740
1084
-820
6258
6246
4934
6172
4468
2802
2772
-96
3434
3192
1528
8090
-174
1746
3414
890
-94
1398
8350
6146
8496
7846
8946
6470
6832
5588
7170
6332
4948
1850
1276
8170
362
5872
3020
2892
6644
6244
-876
-226
2442
7574
2408
1184
8646
30
5476
3330
6902
1432
406
-272
-438
2276
7834
-828
5460
-308
3168
844
1264
1244
6550
2552
4172
4056
6824
8140
5216
-512
8672
-106
4790
2800
2988
4574
944
8024
6120
-622
8916
7454
6128
1748
3438
6510
8184
5458
3970
2114
976
222
8608
8564
3032
4066
-34
6808
3986
6864
3164
6720
654
390
6472
2536
-676
2130
1116
270
7548
5728
2846
2614
8922
3464
5360
6192
-868
960
6232
2216
-972
626
6992
2782
2538
7562
2852
1924
7078
-14
136
4206
1820
3316
8354
5422
3872
8316
1116
3806
6544
852
8362
3588
3066
4554
3300
2932
7844
7136
8136
5720
7816
7162
-750
2652
-904
7950
560
4290
3026
762
3004
4306
8758
3756
8300
4226
2828
302
-334
5572
2012
6288
-98
3668
1806
-360
5364
7236
6606
4374
260
7214
8704
394
1498
2444
5770
4794
-908
4966
276
5904
256
5962
2090
1284
1688
6670
962
4258
2826
4436
3182
2258
260
1178
958
3172
7116
2514
88
752
5412
-674
7960
4876
6742
4498
344
4084
2618
-488
4404
2488
7948
284
8158
6500
1554
5574
5856
8012
7804
5998
4924
-342
-778
4986
3026
4408
8460
3130
2408
3960
3528
2222
6534
7814
6792
-262
4428
2420
-34
132
7754
-522
4012
5106
2996
8518
-980
2862
982
2700
2686
1868
1374
1416
8064
-688
7090
-124
7088
208
-60
5880
7668
7324
7212
-836
4652
3348
7454
-798
8556
-108
7892
3864
950
7228
5990
1436
2500
7524
-526
3430
6326
7922
610
7942
1504
6144
2172
2844
5954
512
-942
-74
8278
5532
5148
7192
-218
4204
5780
6652
4398
7682
2322
1658
350
6226
5464
5172
1642
2074
5040
998
8036
614
6934
5100
8226
6456
4976
2930
8904
1470
2348
462
6340
3492
5926
6752
6750
7664
4634
306
2498
4942
6858
5000
174
5736
-650
3770
8252
7932
8116
5426
8512
3958
818
2416
2360
8364
8212
682
3226
5890
-122
-802
7772
224
8520
8034
1584
2092
4122
4966
4640
8834
634
-254
1938
8104
5346
4818
6668
5436
-816
8740
1990
1394
6942
-324
8490
230
4552
1414
5734
3900
850
3426
-706
1028
8544
5908
-314
6458
4626
2718
6000
7568
3384
7744
-772
382
1238
5164
724
-778
1828
4378
-574
354
-112
94
2462
4662
2282
226
2030
1012
2750
7898
5020
2168
1314
4396
80
8432
7832
96
814
-860
-448
2522
2708
4902
4328
2124
-352
2922
1172
7232
7262
1472
554
6414
4896
7116
7568
2082
4518
194
-872
5450
7180
3094
166
1160
8004
5784
8118
5440
-360
5282
4728
1342
7046
6884
1052
516
8954
-800
3932
6676
-342
782
6960
7642
6222
-856
2472
-836
2948
1268
2070
-420
4852
-326
2648
6950
7842
22
8502
2796
3726
-790
1560
-926
7374
3982
8932
2048
7044
4100
1406
8590
5858
4922
312
5744
6458
2618
8950
250
-818
4616
6644
104
506
2074
5068
5560
846
1214
8618
3016
7178
7268
-406
5362
8042
680
5294
444
3268
8376
1080
5596
6352
4986
1144
3484
504
874
194
7602
116
2872
4416
-44
2418
7740
-530
3056
6916
3842
2170
4070
2246
-690
3502
990
2612
4426
2720
768
5004
768
5044
7058
1934
2210
830
5832
3138
5172
1886
5600
686
2738
406
2384
4400
5258
7444
5018
6738
2764
3696
5916
3914
4592
564
1472
1916
1096
7204
6972
7030
7478
5178
4130
8704
2630
806
-176
8914
5982
6524
862
1674
3180
1756
7264
-656
1662
-230
5714
6072
7922
8212
8210
4226
-186
7916
8054
-440
7602
8912
-910
8604
4910
1016
5966
5482
-278
-652
8746
7922
146
-378
8898
1356
4724
3054
6162
8562
6792
3024
440
3716
4730
6818
7088
-856
3014
8182
1386
138
-2
5604
4306
3048
6476
5510
7400
1390
3516
3712
-602
2288
832
4766
-710
-312
6362
-478
6970
3398
5210
6806
1786
4688
7674
1728
654
2920
4882
7310
2158
752
3204
5824
-412
1538
1010
-544
862
212
1154
3932
5742
1992
-866
6590
3264
5082
-634
7934
6336
280
1100
-948
1048
5096
528
4418
2460
3816
1134
4718
7012
1582
4736
7874
3004
3108
1890
2244
8260
2350
-736
4230
6582
876
566
4750
7180
7294
5764
-574
3056
6102
6468
3642
554
8270
2358
840
8806
3510
8662
588
-848
3248
1762
3704
350
1614
5878
1096
6684
7036
6396
1612
7414
7362
7862
4062
1320
5158
-660
6092
46
4824
7446
5372
8592
8410
-768
6956
354
6942
5228
5750
1178
8352
-980
8394
6534
4496
7758
1480
4914
-724
1362
6242
5046
6236
1760
8984
1206
6428
4276
448
-624
4762
2812
5108
4588
2304
1648
8750
3042
7966
5376
5420
662
8350
6102
4088
8198
-352
762
-316
7436
-232
4964
7322
768
5622
6358
8482
6028
2494
1576
2824
1204
994
6300
3722
2426
2202
8616
5644
3258
-148
2722
158
1016
-116
2114
3780
4072
1018
-482
-20
5822
-782
6024
-784
5220
4942
2828
2958
1574
598
4538
1956
8756
8528
4728
7718
7340
-682
5672
7414
1046
4468
7402
1432
2702
3022
664
-820
34
7374
8476
382
1510
4208
4322
7864
3044
130
7350
5698
4988
210
1984
-526
5468
1966
708
8384
-288
2310
4970
6344
1326
7342
1034
54
7742
96
3656
5162
-428
4482
5680
8678
1456
3150
3376
42
7656
-344
6986
4916
3660
434
7200
7422
150
6152
-584
3780
2064
-2
4302
3134
-282
4550
624
8274
-766
3798
-416
8388
902
-604
400
1744
2978
-286
7102
4626
8500
7472
2522
2640
608
7536
1576
6636
870
1254
7638
8438
1496
4704
-416
5014
-168
5700
-452
6560
1032
6672
3934
4008
284
3312
3804
8810
74
3568
3074
1904
1454
4778
-524
3404
5208
2448
3814
712
-258
-308
8260
2452
3888
6924
8090
3868
788
1218
7100
3392
8254
8642
660
-728
5532
6242
6984
7806
1594
3086
7018
7000
7824
120
-944
5770
8532
252
3838
6110
8690
8252
582
5820
4802
590
3194
7686
6842
5114
3358
4166
950
6468
180
716
6304
3692
2684
3570
654
4228
-482
7740
4368
2374
8664
-30
-378
8516
8534
2724
8304
2420
7768
-486
6340
1080
2642
1448
4962
908
5060
-8
1828
4504
3014
8844
8404
158
2412
90
-46
8030
8414
2650
5190
532
3354
5924
1742
7796
2608
6376
6552
4138
7888
1580
-950
8104
5794
360
190
2108
6864
7432
-560
4452
1152
8438
-130
7274
-822
2350
-660
2410
1566
5160
6832
2022
2692
4424
7394
5954
648
2918
2652
8622
3380
7664
1340
3856
8880
4818
6302
5024
3104
8714
8352
7424
-508
104
-616
3568
6242
4166
7206
464
110
5880
8520
6706
8214
2826
3692
1586
1356
8804
94
1614
152
376
5128
1180
4342
4070
3338
5056
6762
8060
712
1744
-628
6482
3976
5084
-486
6138
4766
5482
1372
820
-382
2834
1896
3314
1722
5680
4684
2986
8410
662
8972
7912
694
6162
-796
-280
8160
5344
4126
7062
674
2590
4752
5428
3034
6872
4208
-702
8134
8098
110
3686
358
1510
3948
-890
7378
8422
5106
4372
5312
-172
6606
7436
7448
-718
1430
6888
-396
2312
1282
3676
7396
8152
-632
-972
6038
-720
-384
636
7608
7628
6936
1210
6070
6752
1130
4204
8104
-626
1194
2942
-488
5036
1082
5466
3828
4442
226
7398
4164
4144
3944
8890
8926
1348
7604
3540
4692
8860
2772
4084
3716
4882
4450
7680
5714
7668
5830
120
8670
274
1142
-836
8610
2168
-820
584
8942
2880
2408
-140
1164
7812
2578
-914
374
3914
554
14
5280
4448
1968
-78
4538
2236
2550
3258
78
3786
-608
-88
986
542
6086
7864
6132
-936
-46
1552
476
1696
8492
3728
7402
6398
7654
3758
5152
1816
3138
4194
442
-160
192
4554
1232
3086
4934
1984
1416
5054
5166
2134
6336
7748
-636
2240
3744
-382
7908
6796
7954
1728
5012
4366
2392
8750
8092
-964
8316
7678
3454
-492
5082
-494
1496
2776
7726
5210
5390
5018
-964
6998
5220
8072
7534
6140
-500
4870
-96
6058
8704
-340
3570
8940
696
630
788
8438
204
1126
5022
-82
2762
536
8118
3450
4084
-872
918
2768
626
3346
544
6978
2492
6932
3326
-50
40
3986
4354
1122
6976
8574
-834
7108
4224
1122
3374
1266
7290
12
1854
5132
3980
4460
7870
4702
1994
5090
6724
5782
7534
-996
8426
1110
5854
3362
-224
3672
6492
452
5884
1506
7474
5516
252
1828
8944
1232
-2
8822
4916
8896
-398
4
3608
8334
4356
4686
1338
3262
4648
2056
5476
-602
3054
6910
1424
2498
1066
3552
7000
6546
-550
5308
8002
4110
6946
5904
-976
-400
1084
5840
-660
5328
1470
2144
2934
3200
-24
2710
-50
3372
2784
8064
3496
-514
8010
4714
1026
-580
1506
8284
8968
6954
8134
7500
584
800
318
7596
6880
6362
2
24
484
3454
1832
1658
-224
3362
2216
358
-674
-914
122
6756
-556
2020
1860
6428
8210
5238
3170
7308
-912
-996
4644
7172
5402
6100
1770
-548
5408
3774
2750
3428
2384
8610
5722
612
3224
5692
3232
6252
7874
8116
-272
198
-140
7030
5070
7724
7082
6976
1774
5480
7250
-534
1158
5118
-430
-190
1226
-804
7444
8098
6814
6416
-848
1210
6386
-722
1754
-470
-460
7076
1112
1438
4680
3152
4056
6650
248
6288
-530
2278
1574
-694
1426
-456
6186
2498
2330
3616
182
6296
3508
2214
5900
6728
-16
-140
1042
8810
2758
826
4256
2936
8682
-484
1450
416
874
-598
8060
4854
4612
7862
4694
1470
4972
4324
5708
6182
186
1100
850
8376
6032
2332
1276
2600
6432
196
398
8688
-518
8228
3624
5492
8120
1194
5446
-966
1654
-82
-374
-148
7572
8134
5066
7480
2966
2176
7188
1880
1360
1246
5162
-336
7034
-54
1002
890
3168
-248
7874
-704
1252
-666
3668
6416
6558
-254
2630
1302
8880
5012
592
7410
3824
468
6634
8772
1300
7964
6846
4602
7598
2036
-696
-400
7588
1790
6602
980
8022
5866
1132
-920
3620
8522
522
7314
8808
6084
1094
6066
5154
652
-38
2386
3474
328
6096
6092
242
5362
970
6478
6874
6238
6454
7446
5424
852
4418
6704
6456
1932
7850
-194
1612
7514
532
6996
2952
-574
-276
8434
-300
1432
7034
4948
5854
824
8112
6766
6998
8694
1828
2094
-858
1370
8518
4418
4076
4844
-712
6
594
3624
4166
5098
3610
7698
7970
-324
5492
3792
4154
2222
3872
-136
-506
6030
5442
6176
6262
3134
2032
3850
6364
-508
7428
4888
5442
3510
-428
4870
6404
8716
-544
664
8112
5690
1948
472
716
1732
8506
4702
3706
534
7994
-554
8726
6394
3068
484
3804
1720
2992
4010
7828
3176
7286
5950
5340
7254
4112
852
7786
7396
1554
1472
4198
5072
1118
5266
1946
8056
2410
442
7278
6322
1962
934
6718
4822
4116
7486
5888
542
3874
864
5152
6736
6632
604
-622
6102
7076
2616
6460
276
1268
6014
4960
1402
1404
318
3182
2114
6966
698
1330
-342
1690
1080
6724
2808
-120
8560
3712
4388
54
7386
3578
448
3634
1146
5946
4958
2160
2994
1630
6098
1486
7550
2104
3718
-260
-410
406
822
6954
6162
4176
1996
1466
6656
4024
2322
-124
5612
3896
4592
558
7866
3846
1804
1582
7226
7266
-334
790
6714
7700
5772
-566
2858
5398
7450
-416
3070
6936
5112
5550
8858
4608
2236
-948
444
8130
7008
1712
4668
920
7816
32
2298
5324
6550
1332
4948
8854
1796
7224
4802
7664
6004
7294
1296
-900
6158
2590
3128
4250
3458
7504
3546
4314
1022
-484
-438
10
-264
6120
2428
5958
810
8356
500
696
3862
-964
8512
6046
3436
6968
3330
4586
7598
7054
-822
3142
4190
-114
5048
8018
-52
8134
-966
570
984
276
4348
8976
286
8900
5646
7694
-326
7188
62
3294
8544
1640
2698
50
7648
6716
1964
6260
7266
2556
4010
5404
5458
8218
72
6060
3404
1092
8056
-422
4346
734
8916
7758
838
6586
4640
5046
4544
206
-338
-122
6214
8780
4716
-974
3110
5868
2094
-482
5910
6382
576
4790
8482
1634
3418
1114
6616
-140
4428
3864
1194
652
-716
838
6212
542
2876
8364
-924
3162
6586
4028
1748
8612
-36
3904
-962
5776
760
952
3584
1846
7330
5970
136
2138
-602
-572
6886
8570
8118
7804
808
3172
5292
4870
1716
8954
262
5674
7250
5860
1570
2858
-66
-758
1192
220
7126
8432
5204
4944
7078
4200
-214
8868
4134
2626
3500
2256
5958
2984
494
8786
4786
-454
822
2638
6572
664
6106
-842
5416
28
7532
3496
610
7280
1276
-16
2988
1278
-198
912
578
7408
6918
7096
6212
3970
688
1336
5164
1940
7794
1630
3784
536
4622
-246
2864
3630
-666
3574
1116
5258
7946
7946
8792
3610
7472
-174
5870
6448
5094
6344
900
8782
1416
1772
6212
556
2382
2984
1076
5616
-228
8240
220
8312
940
7484
8030
3840
-442
8074
714
2342
-564
794
838
4188
-608
3092
-896
5592
2324
1130
6998
8274
1056
5184
5972
-780
1036
1218
7800
3158
438
-504
2492
-434
4870
1532
6316
7020
-50
1616
8274
3750
7504
4482
-288
1918
2378
-602
4440
318
-46
7056
-584
6406
3216
5276
5514
2834
366
-18
278
548
7486
-448
3228
7518
8890
2320
5786
4882
2820
3758
4396
6346
-598
2256
7628
4396
3040
-916
-174
1204
-800
4134
8392
912
6276
5568
7922
4790
1926
3288
5378
-934
8518
2548
7552
-672
1930
6362
6856
4606
7736
6022
7192
3524
2258
-864
6110
2580
3912
4640
5936
3910
4100
7926
7612
2228
1614
7372
6656
8804
-160
2756
4042
436
7630
3664
2414
240
5960
238
8082
2320
7084
1244
5052
-994
3990
6054
1396
5208
802
6626
6748
5352
1408
1250
2082
10
6244
2754
1610
3744
7750
2948
906
5322
6494
3750
7284
2608
-330
7906
8474
3888
6562
7776
7014
5288
540
3674
7760
8286
2646
264
842
626
1200
942
854
7446
2512
7988
4610
676
2842
3034
1938
5108
5486
786
5658
6910
8246
5996
3986
2882
1042
3784
3588
6168
3998
7308
3012
3632
692
2768
852
1428
-68
6606
6094
3386
3648
8652
5646
3828
1176
2514
7954
1462
4868
1296
3048
4288
5010
-504
7568
2336
2360
1914
3790
1876
992
5942
3834
-768
7034
-228
7248
1032
760
5296
6412
8686
7530
4688
7666
-920
3554
1988
2106
6934
6432
606
2928
6602
6764
7528
84
2338
8944
74
6968
2516
1254
8690
764
7606
4598
542
5658
3228
4512
8742
-300
-322
7060
790
5360
2276
3110
8366
3850
-210
6848
680
5128
-382
1906
5524
5540
4302
4992
1332
2512
7988
1718
8642
8678
8986
1176
2172
4664
5792
-424
2340
138
3184
4808
1080
5248
-162
496
7436
5102
6894
7614
2286
4222
2622
2444
-128
6786
6160
7852
112
7426
5544
2352
4084
6062
708
-838
8874
3978
4524
7890
1452
2944
5684
7620
808
8932
2440
4926
390
-382
7146
-188
3958
2794
-946
5724
522
5452
1620
1528
4394
2184
4176
5536
-602
7572
318
5398
1600
7144
4868
7626
7518
8746
2742
1948
-726
3128
1162
1402
-652
244
442
3160
-574
1378
3048
4642
122
1682
-382
8584
2870
7100
5916
6330
7080
6590
1158
-344
6770
2998
2290
4066
2062
80
1718
4986
1452
1502
6852
7904
3136
1630
3334
8268
5666
-816
-474
8320
4716
5922
1342
860
-482
4284
7396
5328
1194
8698
4
8742
4688
-82
-674
1288
4620
8594
-772
926
8700
3140
2684
-424
4558
-464
7342
7232
3394
1818
1536
892
3198
2200
5004
6656
8294
1628
922
1178
1560
7858
8264
7700
8702
6248
8270
1454
8698
-516
5194
8846
1596
5934
2446
-834
8992
160
8410
1194
6080
-808
5398
-840
3578
7144
6526
242
4778
-518
8590
7884
-850
-288
2920
3902
4956
1036
1600
2342
7918
3362
7440
6452
2898
3348
-986
2754
1732
1782
8958
8324
7550
5228
8226
6950
644
536
5810
5386
6658
7860
1618
-266
1396
6756
-50
5012
8146
8196
7010
-980
6990
4200
5860
8372
568
264
7862
3858
6790
4304
1690
-84
6836
2174
3126
2536
7736
464
5546
6828
7158
5338
1400
200
7572
8846
5854
-518
-668
8716
240
3198
3350
6052
7632
-190
2704
196
4396
716
5314
5578
6050
2992
4944
-522
5336
1006
6210
7812
4204
174
2728
2838
2982
8114
1298
5994
3550
4544
1588
4974
5344
-628
5324
6334
288
4420
4270
694
2746
8280
5750
88
-734
6706
4152
-406
964
8862
6394
6994
7060
6132
6122
982
1446
5278
708
5438
-292
1684
6850
7068
-572
5316
1228
4728
8824
2412
3496
4884
7226
4082
1896
-480
4510
5556
372
750
5906
318
918
1542
2390
-482
8234
1642
1668
5844
2308
-906
8980
4244
7954
8138
1622
-140
-40
6346
1116
7172
4050
3166
-562
2522
366
7480
1014
6404
-892
298
7358
2548
8834
6354
42
2698
2910
4392
4168
6070
1704
7768
3810
1026
-914
2652
4812
-78
8660
3340
8546
8170
7828
1310
5926
5972
2974
3588
394
3068
2076
-694
8208
1002
136
572
-166
7812
8926
1076
3854
2354
4460
6766
8196
8840
3842
-394
3738
1388
3380
1618
8342
6596
3854
8676
770
7898
6616
6154
1342
8636
3732
2706
2674
4066
6828
1530
6946
8126
3222
4682
3236
6934
734
1486
8556
5944
2776
8568
-592
1962
1752
-932
-456
7638
5864
6894
2846
5524
7438
7726
826
8558
4264
7052
6352
1292
7022
-744
3916
8046
7226
2430
-54
3630
7562
7586
3576
-1000
4908
160
8266
5240
1582
1418
8102
8704
2112
5844
7148
-176
6016
2374
-658
-166
6092
1972
6404
6370
2090
-866
6210
2966
1534
5920
5772
4802
-834
-802
7972
-272
6466
6870
-742
7390
7340
5796
2594
-874
8510
2234
5924
4372
4532
4774
5908
-16
2448
2970
4924
8024
-788
536
4744
-978
972
1484
4406
462
7916
7990
308
4328
866
3526
1122
7960
1772
6750
7980
8116
4710
2550
6892
6458
6096
4378
5746
5698
3904
8104
8356
-254
4440
7926
3954
6786
2190
5024
794
3968
5188
1426
6360
4818
5736
454
5470
1804
3164
2754
1674
5536
8158
6098
-138
6874
4838
8416
1564
6504
7514
4832
2446
4956
6188
6896
1864
4754
6188
5484
1058
2262
-142
3506
8972
2144
3898
296
1620
8596
4704
8570
4794
8368
8464
3292
6306
2226
6278
3888
5930
1080
8364
4964
8266
6800
924
3564
3100
7286
7706
4138
3214
6396
3626
4782
3396
7052
5944
4216
-368
674
1838
886
4298
6844
7470
1158
7032
3746
-304
-374
2456
-418
8724
6882
1576
2672
3868
6674
-390
6668
8858
6572
7202
-864
8794
-586
868
7690
3458
2816
5400
4496
4356
3080
1388
-446
1214
5028
5218
-328
8504
5052
4044
3442
7580
1290
1932
7040
1020
-858
4430
3312
4732
4636
4540
8510
214
2470
0
804
6130
5076
68
7412
-924
1802
1366
-786
5714
4696
2742
2130
3278
-166
8234
7428
2938
1414
4652
656
1608
7622
266
5366
6698
1170
7290
5700
3766
4640
6702
-4
8412
6922
7326
-552
4934
1864
594
3972
-572
564
8334
1910
4788
3816
3882
8556
4420
3328
6796
1466
5154
5960
5106
7780
312
472
4054
5354
4014
3350
5360
894
1446
6312
2834
7420
3352
7440
480
4862
1426
7304
2466
6462
7934
8732
5504
10
5506
6502
5590
3198
5608
5608
-206
7264
7862
342
8888
-666
806
3522
1016
710
-156
3814
7520
7488
7892
7404
5434
5954
-246
1124
1026
4874
-916
342
4614
5710
3794
7490
4772
422
1288
-148
-608
6550
3320
6486
2434
1190
4756
-724
6750
2652
5750
3862
5712
6688
3672
1738
1054
3460
1586
8918
1510
7106
670
7880
8524
1020
94
56
4450
4076
7966
7638
4894
2882
8570
1856
8116
7230
7652
-434
6714
8282
6826
1122
2888
8404
5330
-760
-336
864
-860
7798
4790
3334
2558
1392
2778
3000
1200
3390
1950
6440
3206
880
2874
-332
-298
4662
7548
6036
2580
546
602
3316
8910
-912
968
6724
7450
434
3070
7928
442
1300
2006
4384
8992
2426
-432
5722
2738
2692
4630
1420
2596
2112
6528
1766
1188
1854
6326
7956
348
112
6190
7056
3882
8238
-580
3726
2642
686
5944
8012
1760
6872
1308
-612
4176
-220
3046
-818
6474
4962
1430
418
8260
8016
4932
7188
374
6434
6302
4758
414
8802
5022
-592
1460
-72
6924
6230
-754
-686
880
1622
8216
318
4080
882
5544
5860
7038
514
6778
8148
3926
3808
5366
2756
-258
1236
1034
7554
7714
4944
7928
688
-660
220
3756
-42
6760
1184
6718
4968
6654
7144
3042
-104
4776
5794
2898
5962
8650
4664
2126
1574
5304
8894
5002
-144
8130
8598
5734
8
8404
7430
2120
1686
2238
2146
8922
1640
-114
762
3836
8694
7214
2368
8122
936
4920
-856
-738
8354
6190
6604
5016
-946
6268
7626
5136
3062
8422
6526
4556
2742
4116
-644
7658
-22
4122
4716
-330
-608
7270
-630
7544
-470
3914
-760
5224
6786
1366
6518
2664
1632
4244
392
8742
1230
5002
6312
5722
1874
3104
-90
8470
5934
7566
5056
128
1570
264
1692
4044
-286
4600
2120
-768
-144
7878
6164
1316
636
-860
8978
1542
5156
5274
7128
3176
5614
-892
-782
-662
-226
8432
922
1242
3192
816
-420
1226
2814
4300
2146
-564
1956
990
1172
4022
1650
2104
652
5000
3592
5422
704
908
1756
5840
282
7816
6192
6180
6802
3444
100
3092
7612
2870
5996
8248
6976
7920
2738
1340
1700
5254
-564
-234
8040
2836
410
5160
1778
610
-336
4626
3914
1276
5368
-544
5020
8070
8250
330
4422
-948
1010
402
1422
-660
1670
4150
2890
-540
-480
-822
2726
5248
3368
4296
-128
8238
4304
-234
94
4332
2026
1058
-412
5282
90
198
8920
782
2146
7476
5842
-748
7860
650
-548
6566
7836
468
-496
6666
7042
1680
1148
2800
7308
2954
4686
2794
1522
7042
6492
2574
4794
7890
-484
5280
-972
6934
-182
6358
2854
-350
6708
3176
4648
-696
6666
2788
3506
994
-770
4836
932
2486
3234
4704
1352
7650
142
5296
2948
2422
544
-894
3238
612
2590
674
1716
2860
1138
2340
1008
4770
5920
2080
132
-880
4506
1974
7770
1896
-722
7756
5426
-76
-148
678
6272
1840
4624
5636
6560
5664
1358
6884
4752
6424
-290
5230
5662
3222
3696
8192
6062
2356
3412
4524
680
6598
1954
4340
4492
7292
6582
6906
7592
6408
-262
3550
1540
5300
636
-364
1156
1448
4492
7926
8422
2844
1342
4808
6838
696
1120
8684
3746
7568
1280
2676
-756
6906
3600
6466
7214
5566
8908
4544
3400
6526
1104
644
124
1942
676
1036
5402
6938
5102
7182
-682
4616
1552
7116
3198
6760
1706
5396
8756
6324
-918
-702
8878
-952
1452
2052
7068
6866
4420
110
1092
2658
5954
6420
1754
1318
-506
6652
4728
122
2808
5886
256
3772
8848
3854
2758
5306
622
1238
1984
6094
-70
5294
970
3224
2840
708
8170
4420
5118
6438
5684
440
1638
5244
6514
3326
7996
4716
4450
6966
3828
1490
7476
2996
3432
6900
1510
1110
6276
8150
418
3016
-90
634
478
4200
7190
3024
5616
5018
2262
5270
-286
7744
3666
6570
1640
6686
5154
-220
7172
-274
3756
-934
2914
3362
3900
5842
2850
2936
2258
122
7372
5296
5486
3942
746
1908
3246
-954
1080
-768
8720
6536
4270
8560
1684
1620
6120
7872
512
5684
7030
8934
8338
-238
4506
2756
904
4822
1054
5224
3812
1436
8972
2844
1986
8088
-124
6538
5478
8320
3466
2618
6718
188
1080
326
8698
4484
3144
5070
8838
4246
2744
8420
2320
8790
5266
766
2172
5984
3896
4634
2614
6462
2550
2816
1708
6880
6696
-42
1306
7476
4764
5138
1134
4920
7224
1998
8776
624
5300
-744
3686
5054
3604
1096
-642
5888
844
-242
2374
2672
6854
710
8528
3208
8538
4604
-618
3670
5428
6824
7718
7564
1426
432
8212
-210
2360
6182
-614
2344
7670
3982
514
322
2352
1260
2176
2446
2308
-572
3498
-806
5140
648
8282
5528
706
-810
6412
8880
1972
-746
666
880
4260
8208
-724
8660
6542
154
474
2950
7068
-422
792
4738
500
64
4894
656
5316
1120
4038
7042
8884
710
6884
1142
3722
-872
616
1274
5640
132
5988
3786
1670
7990
2380
8522
8388
4102
2284
5982
6006
5380
30
4142
252
-384
3548
3684
3638
1960
1076
850
8152
2416
4734
3662
4184
-384
2606
5158
8966
1652
8284
-950
-766
8440
8264
226
7250
1486
1698
8512
152
-884
-634
8346
4476
2846
714
7836
582
1462
8878
-436
6404
1378
4094
-592
8394
2964
-332
8946
8804
1484
6226
3122
5940
2424
8234
924
3300
706
-956
1996
5034
6982
3568
7656
7036
1242
4430
4500
8308
6206
1646
7484
1840
3908
1390
1298
-20
8784
-376
7330
5038
864
6168
732
6096
294
-328
1692
4738
2748
112
6976
4604
762
8116
4112
1302
7886
-692
6044
4256
2880
3358
788
5660
8010
6548
5148
8168
4700
7642
3554
8348
3098
7128
174
-970
6822
3790
7978
1978
8160
4668
-934
5812
6582
1294
6172
212
1534
-778
6322
2604
2846
1002
8554
8892
-348
2382
1792
960
7000
4198
520
1340
8866
8638
2624
2552
132
1368
7574
5472
1596
5674
-446
7584
5054
4676
5662
7022
6684
996
5632
7328
4606
8402
6616
1616
8758
7098
4012
1750
-560
3042
-694
-450
6170
4866
2424
2276
5772
3856
3606
28
6442
-990
5280
-850
3370
5182
1120
8358
8992
2048
124
5950
3732
2724
2094
410
2544
732
402
5478
5122
1806
4792
5632
2342
1532
2696
3628
7956
3534
1118
3474
7906
1806
4992
-114
-364
8654
8102
8822
1154
5680
5912
4998
5050
4804
1142
1270
6608
6162
-86
3580
3602
2448
6236
2608
4978
4372
2674
3200
5716
684
4678
4186
328
2468
5078
1442
3074
2760
3490
4368
-176
2098
8812
6860
3042
8618
3286
8058
1356
4266
4220
4148
4086
3100
2764
2856
-80
4850
4718
1216
-66
2826
3346
5850
3188
1438
6398
1084
2530
468
-330
3026
8076
6080
7680
-364
3468
1136
2960
-186
6084
36
6932
1236
8538
4398
2842
6032
5850
1158
260
1320
708
1062
4000
7020
3426
5516
6974
3034
40
298
7476
7364
6282
4046
7862
7124
3206
222
-652
-934
6568
6094
8166
6184
462
5478
1680
-464
7010
3714
4962
4290
4226
8668
3424
1370
7566
5850
222
604
1390
-676
3732
6228
8308
1160
2902
7206
8754
5624
3706
8374
3336
440
6548
7156
7682
1358
3842
214
936
146
-750
7550
3254
5446
1590
3730
7440
3896
-338
-944
4336
7776
642
7930
2510
8954
5610
918
1350
1346
1720
-878
3438
7680
6678
8802
1404
6660
7196
-270
1620
5360
5410
914
5848
2168
4404
7884
-832
7340
3340
4386
1824
7620
-624
1780
3856
-420
756
6946
1150
4270
1864
1284
7056
6310
8520
5202
-606
-954
7054
350
8250
1650
8016
3498
6680
8362
602
544
3974
1002
5614
8170
3160
8332
960
7748
3326
1244
6264
782
7322
-994
1616
-790
8712
-26
6032
8418
6564
634
190
486
8242
7662
8110
4620
5858
5426
3164
964
6390
-68
6602
3632
1568
6862
3748
3666
1482
4636
-6
5322
7746
4126
-504
-196
1076
-174
-740
1532
3680
1422
8528
5744
370
714
8964
3252
3338
8292
5644
1078
1974
5228
1408
1558
1990
-862
7988
2894
4416
3300
6214
734
8210
3762
-102
6980
2306
6668
6040
7530
8008
6832
5118
8082
-162
7300
784
752
6342
-610
740
-274
7442
3032
3324
2600
5952
4492
5384
7910
1452
-962
1610
10
5056
7192
6694
5342
2436
1308
1778
6544
5546
-258
-378
92
-156
6996
5882
3706
-812
4150
72
2080
2512
6598
5270
1620
4190
4400
7552
-590
-672
4058
7404
2522
-766
1514
7592
4870
5662
-272
5462
4144
3400
6998
6152
8480
6848
4076
1218
-516
3586
3734
7550
5538
6668
754
8836
6662
1538
2324
8064
22
6788
2774
4526
2514
7918
7908
7118
3324
5564
5154
2468
6310
7404
6076
-364
5472
7618
4074
8338
1952
4738
6534
8298
8750
7684
2022
6268
-346
4728
6182
6160
2020
1278
-78
958
818
7212
3406
3164
-274
1768
-942
7824
176
4560
7850
1320
584
2044
5458
1266
218
8234
1500
1448