-6499
-777
-4035
-6916
-4088
-9555
-8509
-112
-3775
-4010
-118
-8445
-7556
-2634
-7849
-983
-4817
-4229
-9910
-748
-5292
-3064
-4815
-7991
-801
-8671
-8771
-9920
-4800
-782
-3768
-6160
-4421
-7403
-9481
-2533
-4218
-6732
-3651
-7787
-2270
-7061
-7615
-1381
-3394
-9022
-591
-4846
-6296
-54
-4122
-5427
-4475
-4987
-5543
-4349
-6924
-5653
-5721
-753
-6482
-7014
-2527
-8086
-4000
-9299
-1609
-5081
-4948
-7488
-3625
-9795
-6803
-2733
-3968
-9910
-2134
-7490
-725
-2250
-7875
-6812
-7556
-1930
-2941
-8645
-7850
-9630
-5914
-8981
-9875
-807
-5862
-1308
-7488
-8556
-3722
-8971
-250
-7944
-7308
-1606
-6425
-8433
-598
-1466
-3505
-2231
-4375
-9743
-6641
-8129
-9323
-7452
-1467
-1687
-5434
-6077
-9571
-8752
-6513
-3159
-3369
-3786
-9170
-1237
-2197
-1515
-2493
-8747
-1925
-602
-8060
-5078
-5880
-9549
-6224
-3525
-3401
-9249
-1981
-9227
-7036
-972
-1447
-9217
-2104
-3300
-730
-9996
-536
-2956
-650
-9745
-5026
-7794
-3904
-6124
-500
-9993
-9632
-9081
-9842
-8007
-5227
-7337
-8897
-8703
-9432
-7302
-1361
-9037
-8081
-1137
-909
-2820
-8239
-240
-5171
-9767
-1637
-2089
-1954
-8730
-2366
-1198
-359
-5334
-8823
-7030
-9318
-2271
-8267
-5792
-1129
-9511
-8097
-631
-2682
-8847
-5317
-3780
-3473
-1297
-7065
-2407
-333
-3727
-5803
-4019
-291
-1257
-3924
-4093
-2568
-8881
-3348
-7027
-1567
-8848
-1183
-1229
-8642
-2949
-246
-4517
-3441
-3330
-9990
-5111
-3052
-9877
-9394
-9303
-816
-8438
-1823
-7877
-5988
-7302
-7891
-3874
-3777
-7875
-158
-2879
-4196
-4235
-7396
-7642
-3075
-7943
-2272
-2201
-1537
-4643
-8458
-9027
-7283
-3151
-7186
-9905
-591
-6312
-3748
-40
-5623
-7269
-3738
-5204
-6089
-705
-368
-8484
-1397
-1355
-8635
-2600
-4492
-9167
-3191
-7739
-459
-3859
-9107
-7936
-4139
-3521
-4509
-143
-919
-7064
-9998
-4190
-7258
-2386
-6420
-286
-9582
-1764
-8226
-2715
-9158
-9112
-9513
-9121
-8374
-3370
-8915
-3615
-4184
-8837
-7059
-1213
-4287
-539
-2735
-2637
-2888
-9303
-6585
-5123
-6532
-324
-2769
-2277
-9782
-4186
-4795
-6930
-9373
-7532
-1967
-7714
-2320
-8482
-3717
-2418
-9390
-2760
-7358
-8028
-1538
-9188
-2978
-712
-9046
-6329
-9932
-2246
-63
-6957
-517
-2743
-2995
-9818
-2803
-5759
-730
-279
-1136
-2219
-59
-117
-7370
-9250
-3010
-1097
-3487
-3134
-7506
-9997
-7749
-4152
-6192
-2486
-4267
-9781
-5913
-1203
-1506
-6147
-1017
-7771
-9785
-2674
-1404
-5140
-1436
-5203
-8512
-8323
-5355
-8225
-8929
-4999
-874
-2579
-4498
-7252
-9740
-3086
-6317
-8257
-6206
-9274
-9786
-9009
-4662
-91
-5520
-610
-9529
-5468
-8637
-6584
-9982
-7180
-6774
-280
-4036
-4617
-4606
-3988
-2244
-685
-9958
-2058
-7415
-235
-4825
-8027
-8277
-2217
-7797
-5116
-1811
-2427
-5338
-4287
-11
-371
-5186
-8863
-1801
-5850
-9957
-718
-1578
-1118
-3578
-3631
-6164
-5290
-5261
-3731
-1475
-6855
-9348
-2805
-3193
-2661
-3407
-821
-9779
-3063
-6147
-9782
-7676
-8850
-6166
-8470
-3811
-4708
-4457
-208
-2923
-3605
-8471
-2116
-5463
-7471
-5744
-3522
-5714
-1949
-5332
-7561
-7601
-7654
-8912
-1458
-136
-4806
-9963
-8284
-4269
-3521
-9487
-6934
-5407
-5527
-8662
-4191
-4436
-5319
-6794
-6062
-7686
-9556
-7355
-2433
-9100
-6280
-8351
-2679
-776
-8299
-5516
-6268
-2820
-1058
-6533
-9400
-9740
-601
-1750
-9382
-7723
-6847
-928
-118
-645
-5651
-9524
-7634
-9608
-1475
-2352
-5009
-5986
-735
-9019
-2415
-8673
-8480
-1472
-999
-9005
-9787
-4045
-8661
-8678
-5940
-169
-6878
-9230
-5715
-7400
-3869
-2693
-6119
-4735
-5581
-1991
-1390
-8518
-5768
-5766
-6112
-737
-7266
-2375
-3151
-7245
-820
-8638
-7600
-1867
-5546
-8250
-8070
-4990
-5404
-9902
-995
-5541
-9614
-8789
-9262
-3080
-9511
-9379
-9780
-1860
-8434
-4844
-9423
-6789
-1879
-7622
-9223
-8246
-2983
-974
-7323
-6121
-9961
-4940
-6991
-216
-7784
-5925
-9315
-2728
-6873
-565
-280
-7825
-4958
-937
-9330
-799
-397
-8398
-1627
-1014
-9263
-3100
-9870
-4712
-1736
-1377
-3391
-6166
-2249
-7165
-4444
-41
-167
-7329
-901
-9422
-9113
-2408
-363
-4707
-9764
-5153
-3210
-580
-7432
-3922
-1286
-101
-8632
-6941
-3591
-6526
-282
-1919
-4596
-6808
-2963
-9805
-2097
-8634
-4015
-9294
-217
-9235
-8084
-5975
-635
-6310
-5333
-4873
-2565
-4215
-7093
-7500
-6257
-2359
-8722
-1720
-8402
-9138
-2638
-2616
-1885
-7716
-8108
-2190
-1672
-2365
-8432
-7796
-8644
-5850
-2707
-2504
-9323
-7008
-1145
-5925
-5624
-7159
-9412
-6227
-6249
-4843
-4356
-9085
-9558
-1170
-7686
-7876
-3999
-3597
-6088
-679
-3623
-591
-2062
-8831
-8147
-9279
-4566
-6189
-8929
-8094
-1612
-435
-2649
-9735
-2030
-7108
-7893
-474
-8717
-635
-720
-3256
-6137
-1804
-3072
-6173
-7578
-3357
-2068
-7774
-6206
-5730
-8509
-616
-3094
-8028
-8348
-2981
-5807
-2400
-9743
-8941
-3954
-7992
-59
-8561
-2507
-4330
-7593
-3143
-554
-6298
-1489
-9189
-2268
-4129
-9352
-8751
-8823
-4235
-1114
-6271
-6536
-2786
-4374
-4407
-9325
-7228
-4507
-7512
-2914
-1493
-9399
-7584
-124
-5805
-8698
-1542
-5128
-7281
-1933
-9814
-6626
-1609
-8581
-5452
-1669
-7716
-9077
-9744
-1781
-6774
-3080
-3990
-8638
-8974
-3338
-3571
-8811
-6839
-3369
-7216
-7431
-6181
-5408
-8207
-7684
-8540
-845
-8734
-7693
-6063
-9016
-6286
-5804
-62
-2691
-7923
-8507
-3566
-9984
-1146
-1212
-8502
-1654
-1676
-9320
-6301
-8418
-3638
-4008
-6838
-654
-6740
-1685
-8519
-6802
-8913
-5825
-4892
-8829
-8800
-9858
-7358
-4002
-7816
-6898
-2579
-4564
-5554
-7736
-326
-704
-7171
-6276
-980
-5037
-3145
-14
-7194
-7989
-2357
-1772
-159
-1057
-6573
-8790
-3747
-3510
-31
-6442
-3749
-8417
-7941
-990
-8262
-2948
-9116
-7578
-6880
-2847
-4835
-6162
-1524
-2462
-1492
-3301
-4262
-2101
-9748
-4631
-650
-252
-8635
-6127
-6540
-8250
-275
-2640
-9217
-819
-8577
-3064
-6335
-9890
-8196
-2315
-749
-8966
-8817
-8222
-9179
-700
-6396
-7539
-1104
-9073
-4468
-8551
-9670
-3461
-6982
-637
-1622
-1534
-830
-3801
-8676
-2114
-8941
-3453
-4393
-1074
-2718
-9156
-4067
-9735
-4679
-7536
-4445
-8830
-7776
-3604
-4189
-5796
-101
-241
-9586
-9713
-381
-2690
-7019
-1477
-9574
-6279
-4407
-7987
-2295
-7618
-6063
-7040
-7812
-3923
-6387
-4746
-8383
-2580
-5159
-7881
-5572
-2212
-1084
-3607
-3537
-5669
-3423
-943
-9960
-5125
-5139
-3383
-5733
-3550
-7390
-4718
-862
-3356
-5412
-1124
-7534
-8641
-6693
-3628
-8592
-8603
-9960
-436
-2652
-1137
-3557
-8767
-9363
-7153
-4516
-5254
-332
-3529
-4120
-4532
-7515
-9368
-9114
-9978
-3716
-594
-357
-3495
-2788
-4454
-1461
-7817
-7738
-1264
-4287
-8687
-2664
-61
-1983
-1031
-2060
-7027
-7236
-1345
-3150
-1181
-1772
-5558
-1848
-697
-9248
-7323
-7383
-8160
-6671
-6451
-6980
-8760
-9530
-4328
-2064
-2939
-4258
-296
-6324
-886
-2131
-6305
-3413
-6114
-4208
-5851
-2601
-6851
-9900
-2472
-8795
-2210
-1997
-8892
-5693
-619
-1343
-5661
-4483
-246
-8922
-3417
-9323
-1846
-7011
-2714
-1244
-5732
-7619
-3388
-628
-9002
-6475
-8473
-63
-6432
-8803
-5737
-4184
-4375
-4822
-6283
-6771
-6166
-3677
-3298
-1701
-1144
-8670
-1025
-5112
-7922
-787
-3013
-9537
-6358
-3402
-5893
-5950
-7770
-5777
-1738
-7441
-7046
-2062
-1695
-7678
-3168
-7280
-2424
-8948
-3304
-5464
-3123
-7853
-9762
-1254
-8336
-6390
-4520
-5220
-2175
-7566
-4268
-3138
-3806
-3104
-7662
-567
-7312
-4879
-7539
-5075
-8125
-5780
-848
-3205
-6988
-6089
-7562
-8800
-3009
-5715
-4509
-9324
-9543
-8658
-3263
-5743
-9996
-2969
-5698
-7320
-4080
-4285
-380
-8960
-8652
-9422
-6600
-7168
-2163
-4262
-7080
-6737
-3450
-5813
-8946
-7174
-6039
-3737
-8870
-170
-4411
-9998
-7728
-2393
-6607
-3338
-7715
-8576
-3025
-1334
-8496
-8724
-684
-6940
-3674
-580
-1304
-2883
-5642
-9295
-4615
-4476
-9217
-6867
-5675
-7163
-8738
-2507
-5049
-4901
-4364
-7542
-1679
-1229
-8168
-7463
-8820
-4652
-7719
-3297
-4133
-3604
-6665
-9984
-7673
-4116
-9582
-6278
-2570
-6265
-1661
-2602
-2275
-5129
-2022
-9217
-888
-8911
-329
-1770
-3657
-1398
-7635
-252
-9684
-9367
-9901
-3055
-7966
-2897
-3123
-1099
-8784
-5820
-6661
-2914
-4178
-6396
-4319
-8142
-6920
-4566
-4233
-4011
-2800
-9973
-5423
-9652
-5000
-6825
-8223
-493
-6015
-8116
-5829
-6980
-1426
-4453
-2470
-6183
-3732
-4209
-95
-8052
-6106
-3477
-8267
-5060
-3837
-205
-7655
-4213
-3117
-5011
-4567
-3401
-8981
-295
-4596
-4451
-2051
-6128
-8556
-3772
-2484
-5783
-1337
-1287
-9730
-9822
-1517
-5129
-5854
-7796
-1123
-5110
-2284
-8761
-2277
-764
-6498
-575
-5677
-1873
-814
-8743
-3805
-7453
-6426
-456
-5501
-2005
-1442
-5965
-2936
-9661
-2400
-5430
-2870
-7147
-5548
-9964
-921
-9436
-4741
-5937
-8407
-5336
-7166
-542
-8346
-7332
-3753
-74
-9720
-620
-9493
-8059
-4724
-1341
-1416
-7887
-418
-5589
-2396
-7704
-4603
-7481
-9610
-8394
-9926
-7882
-9655
-6053
-7889
-2680
-2544
-1217
-6002
-2210
-4887
-2684
-7761
-8867
-635
-1573
-9138
-5901
-3994
-8551
-36
-8739
-9207
-5861
-9643
-584
-9498
-9401
-3965
-3353
-8634
-7387
-7247
-9995
-3723
-8721
-638
-1397
-5928
-9292
-5982
-4093
-7711
-4669
-51
-7970
-9456
-3785
-5137
-6972
-7284
-8659
-2388
-7350
-6798
-2418
-4255
-8327
-9923
-5799
-5830
-6356
-5737
-2656
-4203
-6567
-3713
-5290
-713
-6156
-2228
-1657
-8434
-1455
-495
-6503
-3609
-199
-5967
-1262
-4175
-6274
-9387
-1814
-3294
-7838
-2933
-6974
-8888
-3963
-1743
-8331
-7710
-9602
-8926
-1986
-9872
-1092
-9248
-5302
-2360
-1555
-524
-2881
-2533
-2418
-6222
-6579
-3993
-3452
-4896
-8860
-6258
-8357
-8456
-8137
-6969
-3203
-7029
-6480
-1725
-3051
-7319
-653
-3213
-1932
-7953
-4537
-2423
-1948
-9776
-9454
-9764
-5156
-1641
-2299
-2705
-9981
-7701
-5512
-6700
-8584
-2716
-8970
-9411
-2655
-5235
-9971
-2029
-3870
-8549
-3729
-8965
-6031
-2675
-7572
-6954
-8984
-475
-9772
-2505
-2390
-7338
-665
-8741
-8550
-5379
-3393
-9692
-2024
-5867
-607
-1626
-7715
-2106
-8128
-7978
-6247
-8594
-5278
-4257
-7061
-4861
-4585
-7593
-8223
-8121
-8889
-4111
-4896
-4196
-7461
-5388
-7786
-9334
-1312
-9507
-4593
-4976
-7177
-6720
-8539
-8713
-8624
-3067
-4229
-7491
-4872
-7088
-8325
-4464
-2544
-6607
-4034
-7847
-5215
-914
-5363
-7636
-8323
-866
-2299
-259
-3209
-3289
-6688
-8523
-4923
-4983
-4638
-955
-2204
-1635
-5471
-5126
-242
-5255
-2775
-9502
-3576
-7115
-8497
-9666
-1409
-3661
-6236
-3896
-7628
-246
-6996
-2249
-6284
-9501
-2321
-1552
-2931
-3048
-1456
-7489
-7250
-2486
-4067
-4505
-8401
-4766
-9802
-6586
-8367
-6822
-3727
-516
-7225
-292
-2948
-8082
-3739
-2709
-7451
-7306
-8600
-7694
-8617
-8355
-2634
-7766
-122
-7172
-8377
-6753
-3171
-9713
-3500
-3739
-1226
-1333
-8769
-9993
-4470
-4398
-2588
-6336
-7031
-1884
-6338
-4099
-3812
-4488
-2548
-5437
-8888
-9652
-1819
-8915
-5066
-471
-9462
-9511
-9358
-726
-8836
-7276
-6719
-8498
-2802
-7629
-1258
-8884
-8308
-4749
-1754
-761
-6420
-3997
-54
-3934
-1741
-6799
-9803
-3483
-5844
-7935
-4089
-8719
-204
-3115
-1599
-2943
-4471
-1286
-7718
-6495
-2203
-8273
-174
-2509
-3739
-2980
-7803
-2512
-6161
-4480
-4351
-7700
-5597
-9941
-2500
-435
-2863
-210
-48
-7795
-5557
-8993
-9560
-8498
-8052
-4751
-2816
-5475
-8662
-9580
-5849
-6038
-6680
-2487
-952
-233
-4353
-3016
-2998
-7617
-9009
-955
-7067
-9830
-5312
-8703
-7034
-2434
-9443
-9699
-8555
-7209
-301
-6268
-3068
-262
-9962
-7367
-3734
-362
-8651
-9745
-8431
-7123
-3537
-5144
-4115
-1054
-9369
-5360
-241
-8573
-9372
-3958
-6824
-7128
-9141
-7525
-350
-7188
-1519
-5882
-8677
-2404
-917
-7352
-6413
-5954
-839
-9755
-1480
-8028
-3277
-9838
-6944
-959
-7118
-7787
-5144
-4181
-7438
-7574
-9734
-7663
-7306
-4057
-3724
-7697
-1187
-9742
-7642
-8160
-7740
-1230
-9717
-6653
-9396
-9773
-4355
-9263
-1427
-4258
-829
-1490
-3605
-2313
-292
-8802
-4840
-9975
-3328
-4182
-2198
-8849
-9100
-7213
-1474
-5371
-9985
-2233
-6707
-4161
-2597
-3327
-7058
-7929
-7554
-3051
-5491
-2691
-1223
-5620
-5542
-9542
-8672
-819
-9083
-4027
-9716
-9810
-1655
-358
-6674
-8215
-8442
-3848
-5531
-5759
-845
-5574
-7167
-8489
-4877
-1224
-5703
-4104
-5960
-17
-5718
-2822
-7338
-5202
-7072
-6665
-4535
-6750
-9542
-2520
-4151
-9003
-9415
-426
-6659
-2830
-6998
-8803
-5954
-3332
-4715
-813
-7459
-7585
-7244
-5113
-9864
-1305
-409
-883
-2311
-4016
-2616
-2551
-2529
-8034
-7685
-247
-1135
-6114
-5624
-7384
-9936
-3971
-4853
-527
-948
-2073
-9300
-1055
-2902
-3534
-837
-6096
-6427
-3412
-2610
-6112
-9757
-6413
-4193
-1337
-8743
-8300
-7073
-8646
-879
-1851
-8416
-4261
-5606
-8649
-8447
-4331
-1487
-4522
-5526
-7276
-1457
-9085
-693
-8213
-5213
-9548
-2111
-7072
-398
-3078
-2231
-2550
-9332
-1261
-3033
-3810
-9263
-959
-7255
-2874
-8893
-7252
-345
-1740
-1283
-621
-9954
-4874
-8843
-6184
-6658
-2966
-3730
-115
-399
-6109
-7199
-9175
-2483
-8180
-6164
-7393
-5493
-9155
-8356
-4959
-6936
-5620
-5416
-9167
-6212
-2363
-6995
-6471
-278
-2995
-4575
-148
-1433
-5885
-3198
-1653
-4737
-5479
-8081
-7732
-828
-7630
-934
-7383
-9928
-68
-5284
-7947
-3891
-2177
-7751
-8252
-1638
-1370
-9050
-3653
-7407
-9602
-7832
-8907
-4593
-7315
-4962
-5064
-124
-6826
-5198
-5256
-3052
-7831
-660
-8054
-3731
-9329
-6872
-5236
-919
-665
-9623
-9885
-3802
-4293
-7890
-7356
-6907
-3561
-621
-393
-6416
-6902
-7973
-1127
-9857
-195
-4995
-5055
-9843
-2524
-7715
-6795
-5082
-7549
-3460
-5218
-8509
-7580
-7694
-4806
-3190
-8570
-2421
-9136
-4784
-5241
-3072
-7351
-8240
-4747
-888
-1683
-3695
-4703
-3442
-6869
-4974
-6107
-299
-7826
-9287
-3160
-2007
-4932
-8339
-6673
-6008
-1376
-6672
-1354
-8303
-4261
-2975
-1360
-4453
-7946
-207
-117
-2583
-3253
-7931
-8152
-916
-7835
-4581
-3270
-2486
-9803
-9040
-4036
-6802
-6330
-4799
-1513
-7088
-5501
-7135
-5148
-3673
-7768
-7381
-7745
-1988
-1705
-7768
-1122
-6800
-1044
-6622
-9375
-2400
-7246
-4006
-8743
-376
-2713
-2057
-3763
-1738
-9699
-2415
-3637
-9039
-8141
-3139
-180
-5894
-7036
-8743
-197
-4895
-3650
-213
-3673
-4261
-5178
-3563
-6153
-1918
-9478
-2693
-6066
-9650
-5914
-5752
-3232
-6477
-965
-6754
-1629
-5590
-4563
-2260
-9079
-6315
-7780
-7643
-2659
-8051
-9706
-8929
-8021
-8418
-9062
-8551
-1418
-2858
-1584
-3152
-956
-4262
-7849
-7500
-8596
-6455
-5777
-953
-4540
-9499
-8023
-5882
-5980
-6817
-4036
-1462
-3505
-9310
-4391
-2063
-5038
-9869
-8079
-263
-8259
-1593
-7595
-1731
-1389
-6666
-3299
-5053
-7315
-2434
-8771
-3932
-7965
-8853
-2218
-1426
-1795
-8330
-8407
-9833
-2985
-5956
-2158
-1405
-6268
-3472
-9598
-5032
-3228
-9885
-9428
-3808
-7831
-6541
-8091
-8434
-3818
-4030
-1562
-3515
-7687
-7031
-1181
-3595
-533
-9572
-8863
-7481
-1403
-6625
-3580
-8341
-9707
-1927
-2906
-7505
-8463
-2856
-1345
-61
-1269
-554
-2655
-9124
-1562
-3989
-4013
-4986
-1528
-5518
-7551
-2355
-9039
-7264
-6494
-7443
-5253
-9102
-8198
-7928
-3215
-9417
-9632
-7096
-7499
-8641
-4654
-6442
-163
-1823
-8360
-2773
-5794
-6557
-6601
-7036
-1556
-4971
-8536
-2597
-5471
-2849
-2376
-8348
-9012
-8179
-7984
-5771
-9205
-8009
-7113
-5606
-6052
-3738
-7897
-2825
-4144
-6700
-5715
-624
-7647
-7804
-7387
-9211
-8794
-3726
-4506
-6862
-1659
-6357
-8390
-7354
-9192
-9968
-6015
-2302
-8061
-9593
-4170
-7595
-3756
-2925
-5198
-1851
-7716
-763
-6033
-8208
-8947
-7853
-6033
-6492
-1707
-1305
-8721
-7524
-4854
-117
-6778
-1956
-3626
-2555
-6621
-2993
-6058
-7507
-1146
-6289
-4547
-2698
-9892
-2972
-9474
-8868
-9215
-6496
-4983
-6437
-6942
-8037
-7643
-8847
-5487
-6213
-6576
-8667
-1748
-6281
-1149
-3241
-8225
-4165
-9254
-6583
-4295
-2594
-3102
-5553
-7619
-8110
-8573
-685
-2469
-7908
-5680
-4772
-2018
-3403
-9140
-2544
-7082
-9216
-7488
-344
-8359
-8755
-5461
-8237
-2795
-7859
-5751
-4531
-3590
-3833
-6553
-8991
-6026
-2422
-1643
-5347
-4144
-9596
-1988
-3659
-1079
-525
-5357
-7333
-7472
-2166
-4915
-6707
-9227
-9066
-6635
-5233
-1632
-8814
-6083
-8037
-2813
-3353
-8253
-4874
-4787
-5336
-4203
-6172
-4448
-8083
-3898
-5889
-2138
-1074
-2847
-956
-2912
-1054
-1314
-4401
-5538
-9176
-3245
-1319
-8634
-9785
-1363
-322
-8386
-2351
-9601
-2556
-8004
-435
-7447
-1848
-8127
-1547
-3699
-7589
-5743
-2835
-1906
-7330
-2953
-4138
-8182
-3287
-5946
-7375
-4486
-3278
-8878
-3785
-5113
-148
-5184
-151
-2241
-1874
-7172
-6588
-1688
-426
-8118
-7193
-6411
-5251
-4321
-1064
-4442
-3011
-2416
-4813
-5835
-9280
-6805
-4412
-9538
-8901
-8939
-5016
-5634
-725
-9021
-9377
-6640
-7265
-8467
-7659
-732
-2842
-8176
-15
-4223
-7814
-8156
-1059
-820
-6035
-4019
-2057
-3110
-8046
-9451
-7033
-2910
-8032
-3846
-7710
-9130
-7422
-1437
-1618
-877
-189
-2967
-600
-6761
-1512
-1628
-6382
-3661
-5634
-8748
-6847
-2526
-6730
-7743
-9882
-7239
-7378
-5035
-8421
-7058
-1373
-8152
-160
-1251
-2109
-1396
-2186
-919
-473
-9302
-2467
-1695
-1807
-9348
-599
-9548
-8638
-6899
-5270
-2139
-6577
-8946
-5332
-1966
-6715
-6213
-6389
-4831
-9142
-9587
-9781
-8148
-1978
-6143
-6968
-8800
-1181
-3943
-6183
-3376
-8287
-3647
-4965
-2161
-2403
-1196
-3781
-1890
-6398
-8992
-6461
-3710
-6992
-4920
-4983
-1351
-5924
-9223
-8188
-2577
-7879
-7057
-9791
-9988
-1914
-3528
-7883
-4399
-7145
-7607
-4844
-8413
-4168
-4672
-4159
-1706
-1025
-7014
-3050
-1347
-1150
-8939
-8666
-2975
-6583
-5527
-3806
-5695
-43
-5981
-4999
-7591
-2367
-1230
-8909
-9626
-6312
-6731
-8208
-1176
-8585
-3980
-1812
-6919
-1723
-5057
-9978
-9587
-640
-4172
-5342
-4454
-6791
-8555
-8245
-9893
-45
-9560
-8307
-1761
-3369
-943
-6958
-9577
-2532
-8595
-7781
-320
-3370
-2960
-5359
-3154
-3540
-750
-9220
-4294
-7634
-9338
-9996
-8723
-6441
-4437
-3322
-2259
-5825
-442
-1974
-4249
-1531
-4673
-9021
-8050
-501
-7653
-3546
-830
-527
-7270
-3857
-8139
-4361
-206
-7168
-6950
-6739
-1076
-470
-6609
-7186
-4531
-8367
-3555
-4772
-5049
-6452
-6483
-8291
-751
-5973
-9491
-3577
-8459
-4980
-9276
-6344
-2135
-7426
-9006
-5191
-9776
-7545
-1525
-3629
-2783
-6348
-9003
-6829
-9752
-2992
-7216
-438
-1204
-7961
-4954
-4200
-4879
-4390
-8893
-70
-3650
-4011
-8889
-6479
-5678
-3713
-9127
-1642
-5037
-7837
-9890
-4821
-1337
-1587
-8965
-8589
-250
-4954
-9417
-4684
-8736
-9948
-140
-3284
-9013
-8228
-5312
-2750
-4433
-6359
-9162
-2881
-9626
-4735
-2773
-8916
-8258
-9546
-266
-211
-3951
-7206
-3553
-1633
-8809
-8921
-5156
-9730
-8486
-5458
-9817
-630
-9926
-5761
-9452
-7461
-7326
-3496
-3454
-2366
-2453
-79
-1473
-3214
-9953
-8905
-5135
-97
-5295
-7001
-7101
-6170
-8325
-7298
-3732
-7299
-8984
-3745
-1002
-7844
-8621
-5212
-8258
-8915
-6848
-6120
-9897
-2241
-7367
-8507
-2492
-1679
-1012
-8998
-1754
-8931
-8381
-3233
-9790
-2077
-7517
-7397
-249
-6712
-5622
-7530
-6754
-8482
-5822
-4293
-1917
-6794
-869
-9216
-7085
-477
-200
-5207
-2426
-2735
-5607
-7351
-6433
-4314
-423
-597
-9374
-2665
-3287
-5471
-3146
-7441
-5588
-6086
-9301
-4869
-6860
-4967
-6003
-4695
-4915
-7292
-9527
-9053
-3463
-9046
-9537
-1242
-3380
-8472
-8039
-7128
-9304
-4530
-9109
-5047
-2628
-3619
-8212
-5655
-8296
-9324
-9740
-9925
-107
-8612
-2826
-3976
-8302
-6016
-5760
-5977
-9022
-3503
-8896
-9093
-2652
-9463
-8679
-5523
-8653
-5394
-1177
-3908
-7568
-6662
-9713
-8109
-1204
-5304
-5589
-2214
-7814
-7839
-9467
-9953
-540
-7319
-1135
-442
-5299
-269
-129
-6290
-6377
-6644
-7903
-5529
-6538
-2874
-2934
-5391
-8219
-8413
-9720
-7402
-6457
-5242
-2796
-9957
-5199
-1388
-3336
-4190
-9802
-4480
-6512
-172
-9054
-8584
-749
-6515
-1220
-6662
-4109
-6280
-8539
-4469
-9564
-4514
-170
-5495
-6086
-8535
-1446
-9537
-8826
-7779
-1113
-2183
-2734
-2663
-5293
-1639
-6726
-9270
-3004
-2055
-8722
-9919
-4984
-8974
-9931
-9210
-2986
-9011
-9756
-6051
-5307
-8761
-1408
-2504
-5988
-2262
-4512
-5939
-2102
-966
-2634
-7207
-3001
-1507
-4800
-1595
-6566
-4321
-2774
-983
-6948
-6556
-3770
-5218
-9300
-1857
-3153
-6920
-5531
-4317
-4487
-9629
-5347
-4264
-5475
-4563
-6144
-1919
-7179
-8667
-3891
-1701
-5949
-9229
-6066
-9352
-1322
-504
-9570
-6195
-241
-393
-4714
-7783
-4687
-8780
-136
-1865
-6632
-8341
-7344
-3387
-3845
-6028
-7257
-2522
-1707
-6058
-6342
-6395
-1184
-3846
-4917
-9237
-861
-7694
-570
-9501
-2755
-5367
-8185
-820
-4094
-7172
-166
-4257
-9865
-5542
-5566
-9358
-2792
-9704
-466
-213
-430
-5416
-6806
-807
-7331
-9894
-1374
-9729
-3446
-8685
-7684
-2334
-5666
-5058
-7562
-3386
-4915
-3311
-7299
-1948
-8277
-5759
-7952
-8305
-7521
-1592
-828
-8729
-5799
-1386
-4951
-899
-7739
-187
-1395
-7656
-5776
-350
-8512
-3609
-9014
-3687
-4632
-8248
-7635
-3008
-8874
-7319
-675
-6458
-5128
-5667
-5711
-1971
-3504
-5439
-6767
-8009
-2795
-2865
-8800
-5763
-4408
-1965
-9092
-6651
-1126
-8404
-2220
-2012
-8580
-9067
-2759
-7742
-5369
-5499
-5785
-146
-7122
-6956
-9338
-846
-5360
-5489
-8291
-9159
-5806
-515
-1002
-7027
-1043
-5918
-8376
-1051
-5997
-9276
-3168
-577
-7736
-8579
-8047
-9765
-8721
-319
-7681
-9191
-3902
-6640
-2570
-2606
-1242
-3906
-8960
-1971
-6082
-4495
-2426
-3749
-7393
-8806
-7290
-3099
-4012
-3304
-8393
-4073
-2126
-3575
-4007
-7188
-8433
-7741
-848
-8804
-6865
-3694
-9373
-8605
-8641
-4413
-2193
-4060
-8186
-3584
-4030
-4786
-9784
-4260
-2427
-8003
-3283
-462
-2519
-7372
-2847
-8935
-6155
-3654
-4290
-6021
-8242
-8397
-985
-9482
-5495
-5695
-3419
-4862
-3251
-7702
-696
-3900
-595
-9557
-5690
-4590
-6092
-5395
-8888
-4856
-2655
-4489
-3115
-7749
-6171
-7676
-5858
-5220
-3477
-9993
-2003
-9889
-5096
-2804
-6936
-3123
-7533
-4543
-646
-5449
-5626
-7659
-2813
-3140
-9931
-1681
-2274
-404
-4817
-7662
-7452
-7619
-8141
-8849
-9008
-7810
-5851
-4068
-2989
-8597
-2847
-6364
-2792
-3328
-1922
-8465
-3926
-2015
-9785
-9756
-1596
-6422
-2634
-4644
-7670
-4206
-1326
-6088
-2777
-3850
-2469
-3834
-2234
-5149
-1197
-9793
-3868
-5437
-8993
-7755
-1354
-4004
-4034
-805
-3273
-2139
-8663
-123
-9531
-5238
-5748
-7117
-1795
-3630
-5772
-441
-6813
-2128
-7654
-7041
-57
-8169
-3905
-8385
-1628
-5775
-4808
-9105
-9685
-3071
-8389
-4939
-768
-408
-246
-5500
-5309
-4235
-5087
-1979
-2959
-5904
-3429
-1643
-1396
-7799
-1895
-7361
-24
-4276
-7995
-805
-7753
-4248
-9340
-8008
-3960
-4623
-6470
-8875
-3700
-2494
-4957
-202
-2679
-9738
-9201
-1867
-4318
-7943
-9091
-4920
-1658
-8389
-9813
-8030
-264
-75
-7683
-6100
-5952
-8209
-404
-7788
-3056
-9551
-4351
-5018
-9191
-2551
-2654
-2565
-6706
-5908
-6676
-3120
-2935
-7952
-2061
-8232
-9266
-935
-3931
-6524
-6403
-2798
-5323
-7438
-7349
-945
-713
-9580
-413
-5519
-1913
-3165
-6712
-7494
-4337
-2253
-2753
-4446
-6040
-5640
-277
-392
-9647
-2726
-87
-7812
-1730
-7691
-9907
-1299
-5454
-1053
-3444
-497
-7663
-5170
-9620
-1313
-5617
-7407
-9159
-9062
-4067
-7953
-1943
-8069
-5595
-938
-6174
-3693
-8284
-2171
-9542
-2370
-5337
-9204
-4321
-9500
-87
-3646
-4007
-9235
-9332
-7763
-659
-9656
-7978
-4067
-4829
-1427
-2386
-5878
-9574
-190
-9081
-9008
-6598
-8917
-4244
-56
-3686
-9402
-5556
-6535
-7645
-4218
-5031
-4962
-2987
-3
-7989
-871
-5655
-7056
-4902
-4296
-5866
-1402
-9156
-2808
-9816
-4719
-1908
-744
-1746
-1520
-3684
-721
-1006
-5324
-6228
-4208
-3921
-255
-7461
-8948
-6818
-2121
-8147
-9095
-3375
-3102
-5267
-8910
-6956
-3025
-3019
-514
-8511
-8127
-291
-378
-1133
-8430
-9360
-7215
-4627
-4163
-3579
-557
-9045
-7460
-1156
-8522
-8215
-7891
-2585
-9930
-9005
-5445
-6693
-156
-7171
-2774
-729
-5917
-6332
-9214
-8203
-8505
-3516
-6256
-2226
-1601
-9956
-8518
-3581
-1648
-2641
-6031
-679
-4588
-8148
-372
-5691
-3742
-1232
-5214
-1256
-3072
-774
-5672
-8036
-617
-464
-7028
-4928
-346
-4688
-8111
-7567
-1511
-4663
-7939
-2006
-8837
-4405
-7521
-7700
-8166
-9076
-5228
-5871
-3654
-3763
-3989
-1858
-5603
-8644
-9160
-5544
-7807
-8405
-9161
-6600
-5174
-9279
-2366
-9087
-3726
-7552
-2620
-815
-9458
-2905
-9362
-1193
-285
-7224
-8391
-2972
-9271
-9924
-6658
-4555
-9970
-7658
-349
-7040
-9298
-4986
-5161
-8196
-8334
-7265
-2688
-3242
-9674
-1270
-2094
-4479
-7888
-7396
-9454
-242
-35
-9130
-7972
-7555
-9986
-6404
-654
-1549
-9692
-40
-6490
-5572
-7753
-6849
-4678
-3982
-3939
-1964
-7146
-6466
-5767
-740
-9606
-337
-7726
-9566
-5243
-3047
-505
-1316
-8507
-3504
-6545
-8626
-4177
-2299
-9515
-723
-9791
-7104
-3613
-9754
-6618
-6737
-8130
-7440
-8774
-2483
-5325
-8449
-306
-9354
-7679
-8533
-6449
-3926
-4089
-8927
-6574
-1247
-5089
-8888
-4557
-850
-7285
-1081
-7954
-3913
-6290
-2508
-7859
-9741
-9137
-8256
-204
-7611
-4230
-8015
-7623
-8776
-8713
-7712
-1097
-6532
-5793
-5595
-1867
-9872
-2980
-2977
-7645
-1744
-9920
-8776
-7259
-3423
-7239
-8887
-2237
-4326
-8029
-7638
-97
-1082
-3825
-7444
-7208
-9497
-2253
-1782
-2785
-7843
-1583
-8499
-7239
-7721
-9363
-3200
-9387
-3863
-2535
-6348
-1282
-8946
-1885
-2123
-8382
-6656
-847
-6068
-6764
-9977
-3828
-2779
-3857
-9186
-7461
-844
-548
-7140
-7007
-8892
-9002
-3871
-9798
-112
-4948
-545
-6254
-634
-7417
-8020
-5882
-9768
-6036
-7931
-945
-9163
-7340
-6876
-6468
-6584
-6998
-3515
-2017
-9841
-8603
-6394
-8212
-4690
-4409
-4259
-3603
-8587
-5900
-2562
-9751
-5632
-8937
-2675
-9098
-739
-2014
-3215
-7300
-6669
-1723
-6598
-7364
-8143
-1199
-3003
-9151
-3259
-9667
-3795
-2298
-9825
-1448
-5949
-9239
-4076
-4240
-6319
-7458
-6425
-2445
-3284
-682
-4235
-5180
-9687
-9135
-9905
-1344
-6751
-6062
-9346
-2191
-7976
-1709
-3630
-9134
-3782
-8935
-7157
-9995
-1418
-7448
-1748
-7150
-912
-7622
-6803
-9520
-526
-9828
-7680
-5255
-2462
-9590
-2266
-6455
-4438
-5140
-2541
-3993
-2988
-2591
-8337
-4249
-5148
-5925
-2674
-5201
-8853
-9781
-8205
-7239
-8727
-7778
-8176
-2583
-2477
-5433
-2303
-2689
-7531
-5040
-6710
-1361
-4647
-2932
-8771
-5729
-3223
-7265
-3839
-7888
-4415
-6769
-7505
-1503
-4631
-3956
-1409
-1104
-7679
-9569
-3501
-1918
-1506
-4977
-2462
-9498
-8892
-359
-9944
-2987
-9724
-7727
-8661
-7140
-6983
-8316
-1663
-5539
-9619
-432
-5311
-8605
-3343
-7930
-6185
-8827
-4691
-3889
-3988
-3427
-2316
-8403
-7308
-7511
-52
-2733
-8742
-63
-9300
-616
-6262
-5382
-1241
-8361
-2227
-6614
-9207
-38
-8790
-8611
-5105
-8167
-6486
-9368
-7444
-4866
-8115
-4052
-7032
-8581
-884
-3635
-5717
-5842
-1057
-7068
-8100
-8877
-1936
-5791
-2669
-5574
-2193
-1643
-6891
-4949
-4121
-5921
-9183
-153
-7936
-7243
-1210
-8767
-7674
-5514
-5288
-7523
-1429
-1810
-7869
-3960
-7815
-5303
-5121
-2599
-6117
-6597
-6667
-475
-516
-5840
-8864
-1287
-8609
-3729
-1529
-4108
-1840
-4380
-7366
-1870
-8517
-2226
-7365
-4671
-8275
-26
-9728
-835
-6969
-5230
-5162
-1793
-6822
-5191
-1432
-7146
-2721
-6136
-4672
-4268
-6506
-4252
-9268
-3268
-5246
-5936
-7915
-2758
-9198
-7887
-6804
-2316
-7117
-80
-5818
-321
-4635
-7999
-8982
-3658
-1669
-5934
-7544
-6922
-7961
-6635
-5379
-6339
-3803
-4223
-8316
-3467
-7178
-2714
-1697
-6485
-4544
-9984
-8858
-891
-5260
-2754
-370
-3612
-7487
-8589
-1186
-8762
-489
-4947
-2161
-4306
-706
-9580
-8158
-7256
-4840
-6155
-7514
-6489
-6700
-3425
-6
-5422
-6124
-5026
-3793
-2593
-8879
-9929
-606
-1570
-5410
-173
-7367
-4566
-3317
-2337
-3668
-8885
-2053
-5726
-8202
-5009
-8120
-7551
-9125
-8246
-1851
-6848
-2052
-8900
-5917
-2038
-6663
-5022
-7720
-2637
-3017
-2705
-9490
-20
-5614
-8164
-5816
-3449
-8619
-7906
-2694
-8869
-1369
-1576
-6327
-5606
-8632
-2992
-7887
-8031
-8772
-1178
-9706
-4992
-7497
-3262
-356
-9622
-3110
-227
-7125
-1873
-7731
-9084
-4787
-4072
-8082
-5416
-6198
-6301
-5848
-5815
-5337
-9760
-4136
-9100
-9398
-1973
-340
-9398
-8383
-9396
-7171
-5949
-8829
-8981
-3250
-4253
-8858
-7001
-1451
-7604
-285
-1176
-6118
-1756
-8648
-8861
-6723
-7303
-8756
-1793
-595
-2702
-3672
-7850
-3562
-9561
-9836
-9858
-8341
-9292
-5152
-2359
-603
-7222
-4268
-2086
-8534
-7706
-4663
-9032
-2767
-5722
-9462
-9401
-8955
-9127
-1051
-7963
-8152
-1945
-313
-3405
-5302
-1359
-7289
-8939
-7446
-3062
-5295
-6404
-1940
-2730
-8138
-7823
-2628
-5503
-6319
-2460
-702
-4444
-8179
-761
-4345
-4525
-2170
-7516
-7913
-4598
-1906
-5146
-9034
-4998
-175
-6729
-6696
-5105
-7414
-8395
-5332
-1084
-8681
-9174
-4104
-3688
-2757
-3492
-1941
-4366
-8829
-5901
-6929
-9213
-6981
-9574
-2450
-4260
-9471
-4137
-1721
-8256
-3831
-6514
-9472
-5189
-3965
-5006
-5170
-109
-2437
-7315
-2973
-5411
-1984
-2301
-7625
-2829
-521
-2798
-54
-459
-896
-3091
-9751
-3443
-5815
-3046
-7857
-8248
-8751
-9993
-7234
-1342
-5536
-8364
-8546
-7087
-2554
-6355
-939
-5835
-3455
-8057
-5097
-8130
-9677
-5875
-7888
-274
-2878
-5973
-9152
-736
-3471
-6821
-7065
-790
-1056
-8322
-9247
-113
-9872
-690
-1133
-88
-8438
-6559
-4313
-5564
-3136
-1008
-4044
-7363
-428
-1479
-8174
-9938
-8089
-9326
-1172
-5599
-1211
-3441
-394
-755
-2753
-299
-2127
-6063
-1784
-2736
-8115
-2086
-1787
-2254
-8225
-7413
-1121
-9923
-6573
-5795
-9221
-9613
-8188
-1996
-3253
-5236
-7655
-9067
-3258
-4200
-8046
-5067
-8538
-5195
-2220
-844
-5727
-6077
-8016
-9062
-8710
-3194
-1093
-3936
-4232
-52
-8678
-2926
-6569
-8544
-1332
-4333
-4035
-2162
-1364
-9263
-1760
-7176
-5193
-9589
-313
-7992
-2741
-8863
-7810
-9722
-975
-9941
-5698
-7123
-5940
-739
-8020
-2327
-7630
-8503
-4959
-2636
-9717
-2923
-2166
-9311
-6345
-9730
-9888
-1832
-2459
-7075
-7414
-1948
-1422
-5879
-7934
-2007
-3778
-2162
-6378
-1238
-7515
-7284
-1216
-8518
-6932
-4269
-9224
-1263
-7845
-7235
-2504
-5135
-2230
-3156
-768
-2070
-5569
-9145
-5413
-8373
-185
-1105
-6079
-2695
-1486
-5386
-2817
-731
-3340
-4062
-1532
-7991
-7207
-7954
-9922
-2989
-151
-2285
-7308
-7930
-8067
-6347
-4491
-3091
-1391
-6064
-8559
-7935
-1942
-5579
-8954
-4723
-1383
-5409
-9090
-6592
-1200
-1397
-9674
-7998
-3435
-7577
-2190
-9493
-3323
-7334
-4705
-8144
-7349
-8571
-1654
-3217
-4671
-7896
-3792
-4162
-6043
-3544
-2731
-2049
-2912
-9568
-7944
-3161
-5484
-1803
-6649
-6545
-6428
-7505
-2305
-8055
-5896
-716
-9977
-985
-6416
-1113
-2003
-6471
-5639
-1903
-8815
-2042
-1938
-9777
-4063
-6419
-9311
-4179
-3804
-5284
-9366
-4720
-7829
-6384
-8977
-486
-8891
-6722
-8171
-3142
-2526
-30
-3451
-5406
-5382
-1738
-3245
-6355
-9041
-2570
-1957
-4976
-9744
-7823
-8659
-7423
-5280
-7278
-2453
-6011
-5001
-5312
-1168
-7714
-3146
-3662
-7549
-3883
-352
-9785
-245
-2508
-169
-5163
-8650
-264
-1595
-5056
-9547
-9355
-9363
-1458
-8598
-7174
-8095
-775
-5371
-7642
-5435
-1803
-7621
-8230
-9484
-2766
-2695
-3839
-911
-2989
-2873
-6641
-5503
-5200
-4368
-1178
-1385
-9574
-2176
-6130
-6209
-4435
-7265
-6091
-4529
-261
-8754
-7339
-3621
-1306
-3281
-9242
-6071
-2707
-8486
-7788
-2044
-2309
-8995
-382
-4460
-3395
-8588
-9026
-3218
-5389
-9542
-7801
-3112
-9800
-4530
-7763
-3984
-171
-8391
-9000
-1347
-3757
-9906
-3765
-4314
-9392
-877
-9638
-6750
-7581
-5152
-2790
-1872
-9869
-9626
-8776
-7912
-2634
-7087
-4596
-6767
-9578
-975
-3025
-5836
-1720
-1578
-2149
-6848
-3825
-54
-4669
-1248
-1601
-429
-1437
-4262
-7970
-2856
-9319
-3350
-3360
-2012
-3565
-3634
-9870
-5895
-7989
-3405
-2266
-1656
-2527
-9360
-9951
-82
-4409
-2527
-1630
-4544
-4653
-8361
-5451
-6662
-7216
-8146
-5562
-1292
-2026
-257
-1239
-121
-1845
-2537
-167
-1585
-1590
-8088
-8000
-2543
-7293
-2162
-4265
-3714
-4221
-8603
-5490
-24
-4282
-775
-7938
-7243
-1174
-7555
-6371
-8830
-3834
-6736
-7822
-3286
-3894
-3491
-2967
-5321
-1079
-6221
-231
-8984
-572
-1467
-8444
-6060
-9031
-655
-8257
-1731
-7764
-2042
-3676
-5704
-8044
-654
-6700
-8851
-3222
-2326
-3632
-6150
-7555
-8033
-9911
-5331
-7622
-5091
-4346
-2847
-6726
-8172
-7897
-216
-6437
-1636
-9416
-9142
-6924
-8907
-8744
-2307
-3469
-8851
-486
-5466
-4166
-5786
-6085
-8369
-70
-505
-8314
-9959
-1714
-6607
-3772
-1708
-7717
-7819
-3368
-532
-6026
-4636
-694
-2810
-3497
-3625
-2094
-8996
-9460
-7728
-6808
-1867
-2799
-911
-3159
-9399
-9729
-580
-1908
-8461
-4910
-4326
-8298
-7800
-5488
-9504
-6229
-6521
-8137
-7138
-9290
-7951
-7595
-8182
-9957
-725
-1058
-6867
-7221
-6270
-5430
-8708
-9480
-7730
-2211
-8966
-7431
-6566
-3813
-5765
-4864
-3309
-4853
-5956
-6119
-8962
-2821
-2862
-6218
-2001
-9531
-4607
-9862
-6424
-2048
-2162
-5742
-4977
-2342
-3498
-1269
-3357
-5003
-2528
-5905
-4272
-6545
-9232
-8606
-5008
-6873
-7315
-532
-3531
-2004
-1962
-9416
-8940
-9032
-3599
-7555
-204
-2003
-28
-4102
-712
-4145
-3480
-1913
-9175
-30
-7286
-9207
-4392
-5883
-9581
-7337
-1230
-8400
-4021
-6645
-4508
-9671
-7527
-2133
-1263
-9619
-3314
-1559
-4974
-2514
-6652
-7241
-1315
-5112
-2063
-6753
-86
-648
-4288
-5518
-7822
-3489
-1935
-2801
-6952
-8845
-2113
-5450
-9236
-1530
-1117
-3842
-8290
-6036
-9481
-5004
-5072
-5945
-3682
-8876
-7745
-6427
-510
-6083
-8109
-9571
-9314
-2127
-7259
-2459
-3058
-2950
-5247
-4313
-2781
-4013
-356
-506
-7621
-1259
-5977
-1908
-2704
-991
-4091
-2875
-1505
-2130
-583
-7615
-8371
-29
-7980
-2539
-7211
-8073
-8722
-8316
-7547
-4729
-2222
-2483
-1814
-8248
-8369
-5243
-5096
-4370
-2901
-5018
-4385
-8964
-1733
-9433
-5366
-4611
-3087
-7394
-3783
-8606
-6010
-9021
-9854
-6644
-1544
-5689
-6812
-4851
-8347
-3738
-9700
-5862
-2872
-5000
-7828
-5868
-2237
-1250
-1320
-1128
-4626
-5141
-9774
-9341
-7681
-3455
-2855
-8023
-3733
-2642
-1746
-7176
-7700
-8474
-7769
-1607
-4348
-1021
-2921
-1865
-8608
-4919
-7571
-8093
-7152
-9057
-7460
-9610
-1722
-1220
-1060
-2808
-1779
-1170
-3634
-3582
-4820
-15
-8858
-4737
-5157
-4739
-1612
-5464
-7355
-5439
-8925
-9072
-5745
-9521
-9930
-516
-2648
-4856
-8433
-6952
-3679
-5079
-2318
-5386
-9825
-9034
-5558
-9192
-6817
-9242
-2134
-7760
-9511
-7377
-5929
-603
-8232
-7340
-5916
-8743
-3735
-7140
-7298
-1686
-6830
-9707
-8551
-7082
-7275
-8776
-1190
-4766
-5579
-1025
-7561
-2293
-2137
-9724
-5989
-1330
-6707
-8564
-7761
-2826
-705
-4956
-9323
-7195
-8341
-5478
-5209
-4395
-6497
-4721
-8496
-6130
-7676
-1476
-9208
-4421
-6354
-1357
-7450
-2360
-2191
-5161
-1903
-4305
-6842
-7777
-696
-3229
-4626
-1417
-2717
-7380
-2714
-7161
-1463
-9051
-8773
-8953
-829
-4686
-5120
-8781
-831
-4810
-7330
-9492
-6949
-8572
-1876
-8432
-4917
-9052
-1825
-7125
-2071
-1976
-4717
-4370
-7961
-1233
-2725
-385
-8289
-6598
-2443
-9552
-9175
-3042
-5631
-6172
-7663
-9527
-7212
-1073
-7015
-6936
-8280
-1490
-2069
-7688
-8426
-8056
-9535
-964
-7305
-1325
-1112
-1809
-7433
-2903
-2158
-9110
-4901
-3892
-2085
-4376
-4923
-9912
-6449
-9001
-155
-5848
-4150
-6478
-206
-8340
-6928
-1907
-3063
-6583
-5650
-335
-8715
-7743
-6112
-7175
-2128
-8011
-7323
-6885
-951
-695
-3136
-2965
-1257
-7897
-1424
-8419
-2243
-9946
-1678
-8022
-866
-6997
-6747
-9676
-9662
-4015
-4850
-8691
-2118
-8650
-5091
-1659
-9743
-8922
-6624
-8029
-1533
-501
-8089
-3466
-7662
-4523
-5144
-1860
-873
-9737
-2716
-6846
-7386
-3582
-3191
-2467
-8027
-4474
-2695
-9207
-962
-8218
-2229
-4752
-3166
-4645
-271
-9987
-4943
-9716
-2982
-5135
-5272
-5187
-6040
-7162
-1478
-7851
-9596
-6125
-4574
-1516
-3151
-2657
-5929
-1435
-3714
-5959
-2575
-8976
-2784
-1737
-4853
-7757
-7680
-6051
-7366
-7358
-5696
-2991
-9267
-3235
-1500
-6899
-6538
-1535
-7361
-1227
-9976
-831
-2309
-7351
-6624
-1177
-3475
-3732
-3271
-8043
-3144
-618
-9957
-5967
-4127
-7113
-205
-8895
-9757
-4274
-391
-2653
-5580
-8759
-4098
-3744
-5657
-9155
-7499
-9311
-9020
-3799
-5020
-8606
-6267
-8394
-8566
-2505
-9678
-5599
-173
-2931
-8545
-9828
-1830
-2286
-3548
-8991
-5714
-4585
-5875
-3447
-4120
-6700
-461
-7491
-7876
-7731
-6100
-70
-2066
-4124
-4306
-7894
-4905
-1937
-4390
-7839
-5384
-6820
-1306
-3131
-8290
-4014
-1381
-5470
-1593
-9542
-2495
-2515
-2668
-7235
-8921
-5017
-3873
-8737
-7193
-4268
-8866
-2835
-5111
-772
-359
-1885
-1753
-4174
-2215
-9343
-8462
-3836
-1039
-1281
-6989
-4382
-6334
-6962
-3052
-686
-1623
-719
-4896
-1102
-484
-5940
-649
-10000
-5019
-3845
-2345
-1817
-8995
-1689
-7672
-9189
-7011
-4347
-6218
-5417
-4895
-3265
-5739
-4731
-1234
-3354
-7840
-3986
-5610
-8600
-9358
-5422
-503
-6337
-8231
-9654
-1170
-6485
-2745
-5141
-6365
-7407
-7109
-7746
-15
-845
-5936
-3441
-7325
-798
-7804
-9277
-1784
-5599
-5109
-2899
-7881
-9108
-1291
-2526
-8317
-5207
-3267
-7045
-1329
-7219
-6300
-1349
-9325
-4110
-4066
-8446
-160
-5112
-2389
-1775
-9039
-9078
-3688
-1217
-3886
-9134
-8473
-6596
-6011
-4929
-2628
-7516
-7405
-2154
-2790
-4395
-6480
-2521
-2146
-2491
-7870
-2798
-8151
-850
-7677
-742
-636
-6421
-1467
-1256
-3713
-6808
-235
-3549
-1878
-5932
-2717
-322
-9896
-2022
-1599
-6526
-1519
-5183
-6902
-9170
-1337
-7167
-4714
-196
-3301
-9961
-8405
-2809
-9152
-9397
-8779
-534
-2880
-2369
-487
-439
-3553
-9558
-1434
-1946
-4163
-5034
-1586
-99
-2833
-3385
-5164
-5119
-2176
-4834
-7979
-9909
-9484
-3300
-5764
-2880
-8435
-613
-2959
-62
-9918
-3111
-7774
-6022
-5620
-2554
-4699
-7564
-9005
-9919
-7524
-341
-295
-4467
-7238
-5577
-1595
-630
-5915
-2124
-9390
-8367
-1220
-9962
-7799
-4592
-4965
-3607
-6419
-9641
-4995
-7667
-155
-8526
-703
-7502
-9153
-7272
-7792
-3376
-9645
-5437
-7058
-4261
-8266
-5903
-2625
-4171
-2976
-1350
-8420
-8412
-5120
-8941
-6186
-5227
-3170
-6029
-246
-7631
-6063
-9036
-9722
-7344
-7582
-1524
-3429
-9189
-7103
-5316
-2429
-1690
-4137
-231
-7339
-8691
-2164
-7815
-5210
-3602
-2855
-5248
-9838
-4312
-8496
-6516
-8644
-1901
-7733
-9171
-7662
-5200
-5037
-8214
-1323
-8351
-7934
-5632
-7176
-9220
-4102
-6740
-250
-6627
-3625
-1606
-4872
-8070
-8781
-7170
-5897
-7430
-7895
-9676
-5457
-1304
-8580
-1244
-8875
-7563
-9944
-1528
-7557
-9412
-3719
-6160
-190
-3014
-8805
-4794
-225
-7954
-8110
-2866
-7408
-5379
-8340
-6208
-448
-3527
-2077
-9431
-103
-9518
-2777
-4098
-7622
-5859
-6069
-78
-7830
-1787
-6274
-9958
-6708
-3889
-6883
-7584
-1228
-9501
-7497
-9531
-7288
-5209
-5326
-6277
-7958
-978
-6532
-1103
-2987
-7342
-7644
-4097
-6683
-9571
-8502
-1163
-9572
-5602
-6060
-1232
-3741
-5526
-6749
-659
-8946
-6175
-6474
-6768
-5549
-9054
-3171
-8009
-132
-1950
-8048
-2518
-8773
-6759
-10000
-5466
-6770
-9555
-3778
-6389
-6237
-7597
-1316
-93
-4371
-3149
-9119
-8652
-1049
-4500
-7711
-8553
-3464
-7736
-1605
-2647
-472
-7679
-4699
-1582
-3117
-6908
-1275
-6699
-9092
-9131
-8559
-3353
-5901
-4125
-406
-2796
-8342
-9443
-6556
-530
-444
-2267
-4679
-7545
-401
-8572
-5218
-9599
-2045
-5026
-8554
-9261
-7829
-8297
-5578
-8177
-8732
-7193
-9942
-9662
-6508
-342
-1114
-9236
-9843
-1701
-4626
-1071
-1550
-5726
-2039
-4225
-4343
-8949
-2108
-7152
-6958
-6839
-9948
-8478
-4601
-2886
-5234
-8074
-2892
-5827
-1782
-3370
-9288
-9374
-2315
-6278
-8212
-7407
-9050
-4163
-3420
-9619
-3468
-2997
-6156
-1206
-7435
-7810
-6907
-8643
-7942
-2439
-9320
-2541
-5063
-9212
-869
-6683
-2261
-5655
-5447
-8262
-2840
-7617
-2458
-5011
-433
-1611
-9748
-8719
-69
-2367
-9585
-7438
-5598
-6086
-8664
-8179
-7665
-1102
-2640
-7949
-349
-5176
-597
-3685
-41
-5171
-8713
-4634
-1883
-5994
-1483
-2202
-1832
-9023
-6809
-4047
-9663
-5829
-6261
-2974
-5428
-2959
-2809
-1407
-2382
-6346
-9019
-9244
-1201
-7723
-3103
-2922
-201
-7321
-7343
-9657
-2379
-2906
-3052
-8251
-9052
-7117
-8738
-1783
-5390
-7803
-5197
-8651
-5310
-6524
-8479
-9172
-1632
-1627
-6764
-8926
-4054
-6586
-9980
-74
-4531
-7251
-751
-4611
-2770
-404
-622
-1838
-5893
-3849
-2470
-1894
-7583
-1079
-5620
-9748
-2626
-4588
-8607
-447
-2615
-857
-7800
-2152
-1503
-2779
-9411
-5154
-3548
-2572
-2212
-4948
-462
-5837
-7865
-5215
-7728
-1680
-4937
-5759
-9647
-1544
-2608
-450
-1230
-5664
-583
-3610
-4508
-9356
-614
-7747
-3984
-8946
-4603
-9827
-8650
-1863
-6838
-6404
-969
-9642
-8122
-8451
-2588
-7281
-9316
-3624
-1914
-9670
-9304
-8946
-9025
-7183
-4465
-7192
-6448
-2689
-2758
-9488
-7251
-6963
-2923
-5550
-690
-4945
-1005
-4876
-233
-3048
-4956
-8444
-5285
-555
-9094
-9935
-2516
-5800
-8104
-3716
-2106
-4156
-8948
-3072
-2963
-4071
-4402
-384
-5789
-9696
-8551
-6576
-3393
-5447
-9829
-2776
-6709
-7038
-8104
-6892
-8660
-7076
-7805
-6498
-936
-407
-8257
-5664
-8174
-7720
-9822
-7755
-9479
-3420
-5301
-9040
-2877
-5927
-1370
-2209
-4508
-1031
-5042
-4367
-717
-2194
-5453
-6107
-3185
-3599
-3204
-7467
-5427
-9573
-2018
-2477
-6762
-23
-4947
-3901
-2737
-8715
-2653
-2999
-2376
-7005
-7073
-4668
-2039
-8583
-2449
-1540
-2263
-3997
-1055
-8200
-3326
-9466
-9274
-3373
-5662
-2573
-5352
-1265
-7277
-9346
-2354
-4982
-467
-1489
-7475
-1519
-8471
-408
-7374
-3390
-3543
-5719
-6419
-2538
-8969
-9983
-1776
-6705
-8644
-2698
-9927
-8177
-6110
-7177
-1669
-9095
-6852
-401
-2572
-4325
-7276
-1780
-7862
-2068
-7995
-2623
-8665
-2926
-5654
-3767
-5657
-6792
-2890
-8866
-1696
-5538
-2970
-1255
-4382
-8255
-4876
-6966
-2898
-8547
-7507
-119
-69
-7248
-3867
-9250
-1865
-7456
-9271
-2673
-1253
-8480
-4154
-5272
-9246
-8369
-5352
-1872
-6228
-3295
-7498
-9783
-5778
-7933
-2436
-2872
-5124
-5127
-2120
-7898
-4023
-8326
-8439
-7962
-7266
-1266
-3755
-8088
-6438
-7306
-2357
-2707
-7831
-5650
-920
-5316
-2761
-3937
-9411
-3755
-5945
-9673
-4384
-4765
-7745
-1523
-1006
-2953
-4218
-1249
-8702
-7853
-5262
-5138
-7216
-5260
-8645
-4035
-7964
-1611
-4012
-826
-7488
-7441
-9957
-7234
-205
-1595
-7890
-3254
-3232
-9489
-1488
-9390
-2194
-6907
-1188
-8412
-3103
-1730
-7238
-7236
-4583
-3223
-3088
-1374
-6327
-1443
-485
-9595
-7877
-3012
-2978
-809
-862
-4547
-8119
-807
-1088
-9750
-3362
-5783
-5767
-7865
-432
-2600
-6745
-7803
-7603
-9311
-9473
-9851
-9586
-7625
-2427
-3360
-180
-802
-2884
-3593
-6123
-6980
-3744
-5049
-1777
-3119
-9465
-2113
-3700
-634
-1515
-8379
-4113
-1294
-3985
-7019
-7409
-8909
-3789
-309
-8535
-8005
-8874
-76
-4790
-1944
-6530
-8880
-963
-7496
-9247
-901
-1486
-6372
-1284
-7908
-9520
-3923
-3831
-7571
-2372
-5971
-4901
-2884
-8518
-8160
-5636
-7199
-5180
-150
-710
-5775
-8967
-278
-851
-2814
-1737
-873
-1124
-9967
-6068
-294
-8560
-2976
-6167
-179
-7848
-4108
-7063
-5230
-8049
-4306
-7936
-4457
-6293
-9928
-9465
-9528
-4793
-9070
-9097
-9306
-7596
-6819
-5628
-1594
-1269
-7815
-9139
-7315
-7609
-4230
-640
-4949
-3055
-8768
-6813
-7499
-7957
-9129
-1471
-6584
-6992
-6741
-9551
-8725
-7909
-9136
-1587
-7148
-776
-5406
-9870
-6051
-6167
-4551
-8685
-3880
-1238
-8017
-1069
-5327
-9017
-8844
-494
-9212
-7444
-4879
-9896
-6882
-6068
-9716
-7088
-3368
-778
-5252
-6201
-2559
-1899
-6930
-187
-309
-1993
-9401
-806
-5046
-5311
-1349
-5587
-5976
-8191
-5699
-6959
-6724
-8316
-6713
-8726
-9445
-9991
-2788
-8321
-3568
-5499
-6643
-8929
-9575
-1384
-2327
-4999
-4734
-9280
-5464
-7850
-9674
-2099
-822
-566
-4878
-1084
-6389
-9989
-5956
-3112
-790
-8831
-4476
-5642
-2005
-1873
-9541
-8048
-4391
-9280
-6719
-5043
-6416
-3754
-1197
-3266
-2566
-5649
-7947
-9308
-920
-599
-3445
-8304
-5389
-7640
-8049
-9477
-6269
-8987
-8802
-9465
-864
-1303
-8237
-8299
-2921
-8214
-2007
-1447
-8160
-5323
-7717
-2357
-9570
-67
-5602
-9968
-3754
-3214
-4350
-4568
-748
-6202
-7356
-8599
-5398
-4180
-4824
-8116
-9926
-4190
-8731
-9802
-5611
-9887
-2655
-7990
-619
-2238
-9649
-6340
-5751
-7133
-7403
-7799
-2369
-9814
-7693
-7514
-249
-2582
-2783
-5882
-8124
-8636
-1287
-4528
-794
-6625
-3851
-1792
-6489
-8949
-1334
-7459
-9597
-9918
-763
-821
-5829
-2944
-5580
-6894
-5397
-2443
-536
-6130
-5110
-9448
-8215
-6552
-6829
-6770
-6005
-2939
-7486
-9157
-7120
-1186
-9168
-6775
-6001
-5232
-7421
-7289
-5277
-6556
-5040
-3789
-3353
-8366
-9470
-2773
-8752
-831
-1281
-2655
-1333
-6510
-9351
-8867
-983
-4674
-3149
-1385
-4537
-2595
-7308
-4155
-8109
-8919
-223
-7327
-8835
-4798
-1610
-513
-9526
-9229
-9036
-323
-9601
-5531
-9262
-8676
-8420
-9421
-4163
-6225
-698
-8035
-5150
-5246
-119
-8559
-978
-164
-4514
-4410
-4556
-2841
-5046
-1621
-4082
-8032
-9369
-9552
-7513
-3366
-585
-6701
-3559
-2632
-906
-5458
-1421
-8277
-2449
-4722
-5219
-6968
-6223
-1433
-1058
-6434
-5580
-1209
-2498
-1130
-2601
-9575
-1928
-5092
-4565
-9510
-206
-9539
-5770
-2959
-9312
-2335
-9103
-5446
-2699
-7493
-8126
-2924
-3428
-9249
-6239
-9572
-7737
-4060
-7723
-2903
-9659
-4791
-4865
-8103
-2007
-8739
-1078
-3684
-8919
-2535
-3600
-816
-8476
-4015
-6735
-7348
-2457
-5652
-7728
-5486
-958
-3201
-8802
-7106
-4026
-9936
-5493
-2060
-5422
-9270
-1703
-4743
-9265
-8883
-6844
-8272
-8680
-8968
-9985
-5032
-6290
-5767
-2159
-1788
-8117
-2829
-3808
-6053
-3658
-2222
-3252
-7631
-7722
-4485
-4401
-9882
-7686
-7656
-7292
-4899
-8553
-9726
-8586
-1952
-4988
-9025
-2390
-9838
-6573
-4225
-513
-779
-4991
-4366
-3324
-7763
-8768
-4404
-9061
-5739
-894
-8229
-1698
-3471
-4486
-360
-1377
-4765
-2915
-7012
-6252
-3279
-7825
-2378
-8254
-3929
-4901
-1734
-6519
-631
-158
-1205
-3311
-6324
-8312
-9652
-8781
-2091
-2181
-6988
-8485
-5774
-7866
-3296
-3235
-3688
-7627
-738
-7339
-2435
-9478
-3273
-7293
-5945
-4353
-7845
-2809
-12
-1107
-2508
-6246
-341
-483
-4732
-1251
-7629
-9732
-6384
-9451
-6141
-524
-9726
-9225
-2694
-5079
-1559
-5567
-8672
-6703
-8124
-2118
-740
-5640
-3457
-1174
-9657
-3054
-1028
-5507
-3935
-9742
-8587
-2733
-3902
-4549
-2223
-8356
-4428
-2299
-1066
-5933
-7601
-5309
-4353
-3416
-7435
-8766
-3363
-9470
-7904
-2316
-7614
-9467
-7464
-8162
-3556
-4496
-3031
-7569
-7729
-9062
-3836
-9902
-3418
-9137
-9803
-5931
-9221
-875
-9787
-2021
-9179
-8060
-7711
-5697
-5198
-9883
-869
-3654
-5259
-1559
-1649
-6553
-4127
-5362
-9255
-7835
-1305
-1394
-4395
-2579
-804
-1176
-5017
-1947
-2193
-7229
-7316
-5853
-8326
-1744
-9472
-1706
-714
-4272
-7423
-5727
-9180
-4138
-2732
-1271
-8311
-5986
-953
-5310
-9015
-2467
-8233
-3947
-7880
-1845
-1165
-8715
-4004
-7937
-2720
-5806
-6313
-1847
-2033
-419
-5803
-7818
-884
-7123
-3568
-6081
-7849
-7087
-1348
-1149
-8232
-8873
-9792
-5513
-7649
-2131
-2383
-7365
-2614
-7050
-1738
-8897
-1541
-1489
-905
-7659
-6583
-8830
-1689
-904
-4794
-8917
-2204
-3714
-9664
-8071
-2916
-5302
-1508
-3577
-6573
-9803
-4208
-4980
-3182
-434
-7121
-976
-766
-6097
-8853
-3424
-9239
-3134
-8970
-2989
-444
-2572
-647
-707
-4906
-9847
-9991
-1676
-6208
-9664
-2010
-5614
-2910
-9592
-1082
-6645
-7856
-1213
-4670
-9377
-9240
-6886
-2769
-5150
-7757
-9695
-5040
-6150
-6789
-6515
-8758
-8488
-9684
-2669
-1656
-8549
-9827
-2733
-5568
-4974
-1855
-3660
-2363
-2080
-1143
-9679
-6194
-2620
-788
-3179
-793
-342
-6630
-6844
-4313
-5604
-7843
-4806
-8126
-4035
-1470
-8537
-5920
-8136
-9978
-3557
-5218
-4572
-988
-3922
-7485
-7205
-5778
-7613
-6795
-5525
-2486
-3826
-5555
-9940
-3553
-188
-920
-7421
-4065
-7054
-9489
-8170
-7032
-3071
-6070
-9919
-7642
-9000
-95
-6967
-3573
-5837
-9645
-5649
-206
-846
-8022
-4408
-9968
-7355
-8546
-8038
-9716
-6138
-8663
-7463
-9696
-3417
-7797
-1421
-3696
-2866
-6816
-6328
-533
-8354
-2929
-5138
-336
-9079
-637
-9356
-8077
-4029
-7649
-3754
-5505
-4008
-7475
-1968
-9010
-944
-792
-2970
-8425
-9326
-8564
-3388
-5352
-6266
-4102
-1647
-6651
-9936
-8368
-2902
-5073
-134
-2696
-9524
-9097
-4719
-5984
-95
-3691
-7645
-3574
-8289
-1115
-6985
-4155
-5683
-79
-5890
-8341
-9401
-9339
-8104
-788
-9100
-4786
-3286
-6916
-8665
-268
-2529
-9768
-6669
-1045
-5652
-3761
-6942
-9676
-7704
-5362
-1624
-439
-4580
-4
-8221
-5783
-6425
-8232
-6235
-8479
-6394
-5936
-7675
-6004
-5790
-2717
-8093
-9317
-4022
-488
-4309
-1928
-9677
-7423
-7444
-5897
-6068
-4453
-6982
-6801
-121
-3241
-8496
-6472
-7723
-2851
-1015
-8922
-2047
-2353
-9183
-2107
-7808
-2723
-4936
-7100
-1545
-6984
-441
-1162
-1938
-3464
-8906
-4153
-6252
-2991
-3763
-5203
-1997
-269
-6038
-9713
-5435
-3182
-2910
-5302
-1114
-6266
-9861
-7231
-1108
-5485
-2199
-8683
-3243
-5013
-1288
-1354
-4832
-2542
-7702
-2360
-7185
-1661
-4048
-9510
-197
-9982
-738
-7133
-744
-8335
-693
-1091
-9110
-9529
-6410
-3034
-3784
-499
-1985
-3611
-5008
-7381
-3371
-6822
-9732
-6285
-8100
-935
-2652
-9125
-2478
-3079
-2140
-3599
-9823
-1240
-5298
-4390
-3897
-5215
-9069
-2948
-9868
-2592
-5217
-1875
-956
-5595
-8686
-1268
-5873
-7176
-4378
-3042
-2899
-4964
-8227
-7189
-3539
-9753
-613
-8950
-553
-544
-331
-6662
-351
-7094
-2872
-8525
-8113
-2800
-7652
-3876
-5441
-7615
-8134
-8898
-3388
-9809
-8228
-5927
-8511
-1550
-3995
-2090
-5864
-6910
-1903
-4
-5965
-7931
-7394
-1625
-9821
-5642
-278
-5402
-8249
-3801
-82
-2716
-1440
-1368
-6628
-4215
-558
-5768
-8074
-4527
-5427
-2325
-8737
-8994
-5379
-6564
-3403
-1094
-7761
-9051
-625
-5249
-538
-7331
-1981
-6470
-8596
-6318
-4420
-7075
-7396
-7064
-7158
-6379
-1280
-7760
-8358
-2533
-9626
-8404
-5560
-1778
-6439
-5151
-1534
-2159
-5987
-1026
-753
-1247
-662
-5907
-3713
-4005
-915
-6025
-9196
-6357
-8996
-5875
-1886
-7801
-7400
-6028
-4637
-4179
-2680
-8640
-6353
-4566
-5549
-8619
-4182
-6146
-2370
-2886
-6323
-4276
-8345
-9953
-4502
-6219
-2591
-9056
-7174
-8361
-4782
-6597
-1399
-7710
-1863
-210
-4027
-6404
-1901
-4348
-8894
-8794
-5568
-6030
-6350
-4913
-5263
-180
-3373
-2217
-7883
-8258
-7799
-8602
-8955
-2872
-6178
-3235
-5380
-967
-8169
-9267
-5557
-5073
-6791
-7736
-4612
-6114
-6117
-6107
-8571
-4656
-6610
-7529
-4753
-84
-8005
-880
-1432
-1367
-101
-9822
-1450
-3820
-7347
-5561
-1123
-8288
-7613
-5839
-4046
-3938
-7154
-4844
-7919
-9218
-9412
-9965
-5076
-4667
-2882
-4536
-8043
-8561
-305
-1864
-9922
-8010
-8734
-4170
-753
-9437
-9941
-7881
-1960
-7483
-3039
-5514
-1112
-5376
-9246
-2823
-8483
-8392
-4664
-380
-5044
-5778
-838
-7636
-429
-7846
-5738
-9250
-2211
-3879
-35
-671
-1178
-5143
-8800
-6422
-8417
-3389
-3238
-3329
-3179
-9752
-9634
-451
-6451
-3360
-6286
-6531
-701
-1810
-1765
-8331
-6909
-7704
-1252
-8612
-1033
-2987
-5559
-9440
-2541
-168
-4463
-8069
-5203
-2180
-6228
-910
-880
-2896
-1712
-8352
-3757
-9258
-1350
-5069
-1466
-2137
-8084
-2858
-355
-5335
-3438
-8321
-6448
-9693
-5607
-6007
-6591
-4481
-7135
-9772
-7920
-5967
-2558
-3428
-9093
-2408
-2962
-840
-3094
-2141
-7386
-6988
-7221
-7226
-1856
-2928
-679
-6115
-3226
-8486
-9214
-4400
-8590
-7142
-631
-5417
-7463
-947
-1687
-4848
-250
-3772
-6805
-8785
-6359
-7971
-4822
-1707
-5937
-6590
-4043
-9820
-2589
-8527
-4747
-7471
-8747
-291
-945
-8677
-4438
-8110
-9460
-8100
-1115
-5986
-7689
-290
-6219
-6418
-8553
-1969
-5842
-4905
-610
-9576
-980
-938
-2015
-8550
-7706
-7398
-8440
-9766
-2721
-8575
-9624
-3633
-9069
-5056
-6544
-3879
-1984
-5513
-5391
-9820
-8830
-445
-1582
-402
-6044
-5114
-9838
-6315
-7069
-8268
-321
-9340
-1835
-9584
-9641
-5072
-8581
-745
-2259
-8626
-9021
-7990
-18
-5785
-9327
-7822
-4092
-8594
-9202
-9729
-6182
-1070
-3471
-8814
-3070
-1889
-6946
-8820
-1996
-950
-1012
-1659
-9881
-9748
-180
-7487
-9851
-2162
-2794
-2975
-5510
-6489
-5802
-1178
-4515
-2750
-9945
-821
-398
-7597
-9730
-572
-8657
-4261
-1765
-8255
-8642
-1558
-4772
-105
-7437
-7067
-4206
-7279
-7266
-1448
-7577
-6237
-1373
-9907
-1264
-7601
-6696
-9650
-2144
-8868
-3810
-2553
-3570
-3452
-9068
-7408
-8584
-4180
-8984
-6087
-7129
-4167
-6049
-7961
-5675
-9551
-5144
-2914
-2644
-4496
-6180
-9601
-4192
-980
-3352
-2683
-7136
-837
-50
-6150
-1270
-9804
-711
-4737
-9539
-5053
-2208
-6292
-8318
-7471
-9283
-8604
-4131
-5277
-1538
-8627
-8879
-6831
-7285
-402
-9006
-7078
-4359
-8342
-7729
-7642
-9810
-2995
-7473
-4996
-9370
-5772
-1173
-746
-1210
-9743
-1108
-6590
-417
-1489
-9018
-5382
-8251
-4765
-5098
-5787
-8159
-60
-6680
-4097
-5373
-5731
-2659
-5961
-804
-9712
-6198
-5704
-2421
-3171
-6028
-7862
-8650
-4509
-5685
-7542
-7876
-7834
-6524
-8969
-8327
-6446
-9380
-6402
-4999
-4577
-7975
-4295
-9152
-7738
-1677
-9821
-1334
-5998
-9661
-2017
-3010
-1334
-6213
-5430
-2200
-9202
-8777
-8850
-8680
-4560
-1710
-4056
-923
-170
-5188
-7492
-9067
-3587
-3942
-9801
-5215
-6176
-4002
-1034
-7323
-1656
-5079
-491
-9210
-8122
-1058
-7750
-9737
-8737
-4695
-2332
-579
-8600
-8384
-7314
-8751
-5405
-9223
-2168
-3753
-4968
-8724
-7401
-4259
-9849
-4774
-1172
-3307
-7524
-7266
-1709
-3978
-9707
-5629
-4451
-5152
-9920
-6282
-5600
-5473
-6424
-1635
-6547
-1102
-9774
-1432
-7005
-9412
-7197
-8505
-78
-3573
-8571
-2675
-8334
-6793
-2839
-7021
-8587
-7491
-4706
-6848
-886
-6148
-7069
-7913
-6989
-8496
-3495
-9758
-5174
-4274
-3411
-98
-5153
-4961
-9259
-6730
-8843
-6944
-1831
-5675
-6770
-776
-9916
-2042
-4332
-820
-7446
-8898
-1974
-6400
-9172
-1284
-3070
-2129
-5126
-4049
-5248
-7923
-9079
-7062
-7714
-389
-7691
-6220
-7087
-5461
-7880
-9773
-915
-7196
-5716
-7159
-9243
-7864
-531
-1281
-9371
-4524
-9229
-7230
-6509
-3544
-9425
-3029
-9933
-7017
-7005
-7533
-4390
-9759
-7801
-8762
-4394
-4865
-695
-6441
-9300
-9089
-7356
-2747
-5711
-6206
-3163
-2451
-3587
-4991
-7302
-4304
-4595
-6281
-1029
-841
-8152
-7317
-4866
-3997
-7547
-6100
-2042
-9398
-357
-5214
-2309
-9345
-6328
-7245
-5600
-3040
-2298
-6141
-9231
-7290
-2885
-9584
-8533
-6887
-8369
-1651
-5247
-3406
-2780
-4036
-1892
-2699
-6415
-990
-7486
-2785
-1920
-7003
-8550
-3748
-5415
-7607
-1681
-9988
-3490
-8340
-7325
-1370
-4600
-97
-8714
-8962
-2031
-3130
-9625
-6109
-1244
-526
-3670
-1412
-6638
-1460
-7077
-7771
-4361
-8252
-9102
-7452
-3460
-4772
-6584
-7759
-7075
-6210
-9288
-1323
-8562
-7451
-9767
-9854
-5510
-9317
-9765
-5549
-7139
-9442
-447
-8827
-5117
-6408
-8306
-9529
-8817
-6256
-3582
-5170
-5840
-6597
-2425
-5508
-4207
-4025
-2409
-1678
-6400
-8567
-6623
-3437
-1390
-5147
-7493
-1686
-3419
-1506
-2774
-4289
-3835
-5153
-5056
-6825
-9213
-6199
-9179
-1190
-829
-1859
-4615
-8776
-9947
-9475
-7224
-8386
-4441
-7873
-1264
-8827
-8007
-6478
-7777
-339
-3455
-3261
-7887
-4200
-9201
-319
-5192
-807
-5981
-7088
-5412
-2193
-3538
-7221
-1674
-6515
-6889
-5730
-7897
-5540
-7633
-2445
-1394
-4206
-7770
-7925
-134
-2827
-4529
-16
-7731
-8261
-3406
-2120
-3470
-2268
-2814
-5988
-5360
-1254
-770
-1638
-5218
-5625
-8885
-6136
-2070
-2312
-5615
-3830
-7355
-8255
-2332
-5947
-8191
-6079
-6041
-4283
-4978
-5913
-7684
-5204
-5759
-123
-9825
-548
-6810
-3836
-2236
-3625
-8680
-167
-866
-8155
-9922
-5354
-4063
-2794
-936
-4844
-2790
-616
-3126
-2785
-6562
-2533
-3464
-8270
-9968
-3853
-7964
-7851
-1673
-178
-2029
-9996
-8465
-6937
-3914
-9918
-3457
-8758
-8680
-1538
-565
-23
-6716
-5451
-6966
-9154
-2503
-9832
-8597
-7343
-9857
-5297
-8093
-7939
-2884
-1730
-7429
-6498
-3005
-4250
-7016
-7954
-3763
-2481
-6710
-7104
-9766
-4602
-1559
-1796
-8711
-1582
-6867
-4659
-698
-293
-739
-6521
-8060
-4148
-3158
-8227
-5636
-5032
-1011
-4478
-3020
-5173
-9010
-8882
-7453
-8253
-2249
-9197
-1852
-7793
-1880
-3663
-1094
-2282
-6868
-5257
-3021
-7669
-8404
-2438
-9777
-7328
-4846
-9381
-7022
-2423
-991
-8748
-296
-7070
-7421
-4877
-263
-2925
-6925
-629
-8706
-4381
-4996
-9449
-4238
-8373
-8463
-3264
-836
-3188
-6033
-9311
-5683
-2156
-8208
-7767
-9771
-9844
-3999
-1568
-8629
-7674
-1018
-1186
-2644
-6794
-5747
-6744
-9134
-7075
-7792
-931
-2071
-1922
-8129
-832
-1457
-8885
-5347
-8282
-6437
-625
-950
-6237
-6129
-8558
-9247
-3552
-1008
-4200
-1998
-97
-3018
-5141
-7629
-782
-3233
-9894
-6893
-2567
-8440
-8094
-8161
-1941
-129
-8772
-5304
-6953
-7709
-7913
-8587
-9589
-3251
-8200
-5371
-8731
-3613
-5377
-4425
-6729
-2790
-1525
-7890
-1328
-4613
-6751
-8545
-9575
-8822
-3431
-3619
-9714
-3421
-4215
-1753
-7074
-6138
-3130
-6497
-2460
-8715
-7960
-1409
-2089
-9446
-8130
-2760
-8834
-5522
-9502
-8277
-2728
-3400
-7090
-7045
-6501
-1501
-6658
-9726
-2565
-2380
-6472
-3933
-3202
-9142
-4822
-9456
-3778
-634
-6269
-6931
-5185
-6627
-6523
-1436
-9183
-3861
-4631
-8437
-9001
-7365
-5581
-9741
-5479
-7807
-8405
-9161
-6600
-5174
-9279
-2366
-9087
-3726
-7552
-2620
-815
-9458
-2905
-9362
-1193
-285
-7224
-8391
-2972
-9271
-9924
-6658
-4555
-9970
-7658
-349
-7040
-9298
-4986
-5161
-8196
-8334
-7265
-2688
-3242
-9674
-1270
-2094
-4479
-7888
-7396
-9454
-242
-35
-9130
-7972
-7555
-9986
-6404
-654
-1549
-9692
-40
-6490
-5572
-7753
-6849
-4678
-3982
-3939
-1964
-7146
-6466
-5767
-740
-9606
-337
-7726
-9566
-5243
-3047
-505
-1316
-8507
-3504
-6545
-8626
-4177
-2299
-9515
-723
-9791
-7104
-3613
-9754
-6618
-6737
-8130
-7440
-8774
-2483
-5325
-8449
-306
-9354
-7679
-8533
-6449
-3926
-4089
-8927
-6574
-1247
-5089
-8888
-4557
-850
-7285
-1081
-7954
-3913
-6290
-2508
-7859
-9741
-9137
-8256
-204
-7611
-4230
-8015
-7623
-8776
-8713
-7712
-1097
-6532
-5793
-5595
-1867
-9872
-2980
-2977
-7645
-1744
-9920
-8776
-7259
-3423
-7239
-8887
-2237
-4326
-8029
-7638
-97
-1082
-3825
-7444
-7208
-9497
-2253
-1782
-2785
-7843
-1583
-8499
-7239
-7721
-9363
-3200
-9387
-3863
-2535
-6348
-1282
-8946
-1885
-2123
-8382
-6656
-847
-6068
-6764
-9977
-3828
-2779
-3857
-9186
-7461
-844
-548
-7140
-7007
-8892
-9002
-3871
-9798
-112
-4948
-545
-6254
-634
-7417
-8020
-5882
-9768
-6036
-7931
-945
-9163
-7340
-6876
-6468
-6584
-6998
-3515
-2017
-9841
-8603
-6394
-8212
-4690
-4409
-4259
-3603
-8587
-5900
-2562
-9751
-5632
-8937
-2675
-9098
-739
-2014
-3215
-7300
-6669
-1723
-6598
-7364
-8143
-1199
-3003
-9151
-3259
-9667
-3795
-2298
-9825
-1448
-5949
-9239
-4076
-4240
-6319
-7458
-6425
-2445
-3284
-682
-4235
-5180
-9687
-9135
-9905
-1344
-6751
-6062
-9346
-2191
-7976
-1709
-3630
-9134
-3782
-8935
-7157
-9995
-1418
-7448
-1748
-7150
-912
-7622
-6803
-9520
-526
-9828
-7680
-5255
-2462
-9590
-2266
-6455
-4438
-5140
-2541
-3993
-2988
-2591
-8337
-4249
-5148
-5925
-2674
-5201
-8853
-9781
-8205
-7239
-8727
-7778
-8176
-2583
-2477
-5433
-2303
-2689
-7531
-5040
-6710
-1361
-4647
-2932
-8771
-5729
-3223
-7265
-3839
-7888
-4415
-6769
-7505
-1503
-4631
-3956
-1409
-1104
-7679
-9569
-3501
-1918
-1506
-4977
-2462
-9498
-8892
-359
-9944
-2987
-9724
-7727
-8661
-7140
-6983
-8316
-1663
-5539
-9619
-432
-5311
-8605
-3343
-7930
-6185
-8827
-4691
-3889
-3988
-3427
-2316
-8403
-7308
-7511
-52
-2733
-8742
-63
-9300
-616
-6262
-5382
-1241
-8361
-2227
-6614
-9207
-38
-8790
-8611
-5105
-8167
-6486
-9368
-7444
-4866
-8115
-4052
-7032
-8581
-884
-3635
-5717
-5842
-1057
-7068
-8100
-8877
-1936
-5791
-2669
-5574
-2193
-1643
-6891
-4949
-4121
-5921
-9183
-153
-7936
-7243
-1210
-8767
-7674
-5514
-5288
-7523
-1429
-1810
-7869
-3960
-7815
-5303
-5121
-2599
-6117
-6597
-6667
-475
-516
-5840
-8864
-1287
-8609
-3729
-1529
-4108
-1840
-4380
-7366
-1870
-8517
-2226
-7365
-4671
-8275
-26
-9728
-835
-6969
-5230
-5162
-1793
-6822
-5191
-1432
-7146
-2721
-6136
-4672
-4268
-6506
-4252
-9268
-3268
-5246
-5936
-7915
-2758
-9198
-7887
-6804
-2316
-7117
-80
-5818
-321
-4635
-7999
-8982
-3658
-1669
-5934
-7544
-6922
-7961
-6635
-5379
-6339
-3803
-4223
-8316
-3467
-7178
-2714
-1697
-6485
-4544
-9984
-8858
-891
-5260
-2754
-370
-3612
-7487
-8589
-1186
-8762
-489
-4947
-2161
-4306
-706
-9580
-8158
-7256
-4840
-6155
-7514
-6489
-6700
-3425
-6
-5422
-6124
-5026
-3793
-2593
-8879
-9929
-606
-1570
-5410
-173
-7367
-4566
-3317
-2337
-3668
-8885
-2053
-5726
-8202
-5009
-8120
-7551
-9125
-8246
-1851
-6848
-2052
-8900
-5917
-2038
-6663
-5022
-7720
-2637
-3017
-2705
-9490
-20
-5614
-8164
-5816
-3449
-8619
-7906
-2694
-8869
-1369
-1576
-6327
-5606
-8632
-2992
-7629
-1258
-8884
-8308
-4749
-1754
-761
-6420
-3997
-54
-3934
-1741
-6799
-9803
-3483
-5844
-7935
-4089
-8719
-204
-3115
-1599
-2943
-4471
-1286
-7718
-6495
-2203
-8273
-174
-2509
-3739
-2980
-7803
-2512
-6161
-4480
-4351
-7700
-5597
-9941
-2500
-435
-2863
-210
-48
-7795
-5557
-8993
-9560
-8498
-8052
-4751
-2816
-5475
-8662
-9580
-5849
-6038
-6680
-2487
-952
-233
-4353
-3016
-2998
-7617
-9009
-955
-7067
-9830
-5312
-8703
-7034
-2434
-9443
-9699
-8555
-7209
-301
-6268
-3068
-262
-9962
-7367
-3734
-362
-8651
-9745
-8431
-7123
-3537
-5144
-4115
-1054
-9369
-5360
-241
-8573
-9372
-3958
-6824
-7128
-9141
-7525
-350
-7188
-1519
-5882
-8677
-2404
-917
-7352
-6413
-5954
-839
-9755
-1480
-8028
-3277
-9838
-6944
-959
-7118
-7787
-5144
-4181
-7438
-7574
-9734
-7663
-7306
-4057
-3724
-7697
-1187
-9742
-7642
-8160
-7740
-1230
-9717
-6653
-9396
-9773
-4355
-9263
-1427
-4258
-829
-1490
-3605
-2313
-292
-8802
-4840
-9975
-3328
-4182
-2198
-8849
-9100
-7213
-1474
-5371
-9985
-2233
-6707
-4161
-2597
-3327
-7058
-7929
-7554
-3051
-5491
-2691
-1223
-5620
-5542
-9542
-8672
-819
-9083
-4027
-9716
-9810
-1655
-358
-6674
-8215
-8442
-3848
-5531
-5759
-845
-5574
-7167
-8489
-4877
-1224
-5703
-4104
-5960
-17
-5718
-2822
-7338
-5202
-7072
-6665
-4535
-6750
-9542
-2520
-4151
-9003
-9415
-426
-6659
-2830
-6998
-8803
-5954
-3332
-4715
-813
-7459
-7585
-7244
-5113
-9864
-1305
-409
-883
-2311
-4016
-2616
-2551
-2529
-8034
-7685
-247
-1135
-6114
-5624
-7384
-9936
-3971
-4853
-527
-948
-2073
-9300
-1055
-2902
-3534
-837
-6096
-6427
-3412
-2610
-6112
-9757
-6413
-4193
-1337
-8743
-8300
-7073
-8646
-879
-1851
-8416
-4261
-5606
-8649
-8447
-4331
-1487
-4522
-5526
-7276
-1457
-9085
-693
-8213
-5213
-9548
-2111
-7072
-398
-3078
-2231
-2550
-9332
-1261
-3033
-3810
-9263
-959
-7255
-2874
-8893
-7252
-345
-1740
-1283
-621
-9954
-4874
-8843
-6184
-6658
-2966
-3730
-115
-399
-6109
-7199
-9175
-2483
-8180
-6164
-7393
-5493
-9155
-8356
-4959
-6936
-5620
-5416
-9167
-6212
-2363
-6995
-6471
-278
-2995
-4575
-148
-1433
-5885
-3198
-1653
-4737
-5479
-8081
-7732
-828
-7630
-934
-7383
-9928
-68
-5284
-7947
-3891
-2177
-7751
-8252
-1638
-1370
-9050
-3653
-7407
-9602
-7832
-8907
-4593
-7315
-4962
-5064
-124
-6826
-5198
-5256
-3052
-7831
-660
-8054
-3731
-9329
-6872
-5236
-919
-665
-9623
-9885
-3802
-4293
-7890
-7356
-6907
-3561
-621
-393
-6416
-6902
-7973
-1127
-9857
-195
-4995
-5055
-9843
-2524
-7715
-6795
-5082
-7549
-3460
-5218
-8509
-7580
-7694
-4806
-3190
-8570
-2421
-9136
-4784