26529
5184
10892
5786
31563
29080
1219
32634
28512
18817
8149
2082
271
26042
23186
8177
32464
17713
14660
30427
25170
7715
28479
12466
18101
19333
9913
23972
3834
10659
31452
23558
20664
9735
22554
1872
22288
1692
14017
22632
20962
11283
25551
23331
1345
21382
19463
7433
3365
7003
32068
31064
2400
20332
21006
26188
17876
16484
31595
10142
13026
10860
23799
2634
16934
28424
28471
3478
31585
9787
7211
7504
23990
19186
18978
16727
24858
1696
2258
26205
11270
24613
5288
9194
20846
20980
9309
9124
10999
2933
13514
3535
9061
25000
18173
7952
1362
13068
17548
19318
8742
17087
32297
4794
25923
20198
30839
27078
10112
26191
31517
23925
22233
16725
5656
21146
18021
8708
4437
1859
14984
32638
31359
14655
1385
157
17686
5597
18342
2522
12481
22263
10567
25198
27109
12591
7921
13495
6262
30585
3932
28124
20749
6106
27911
16564
7227
21871
6187
20452
2078
25520
7405
17224
30769
18166
8663
19605
10088
7739
6793
24380
4221
14881
4780
8081
12420
9526
9512
19756
22470
375
29591
11407
31948
24339
12793
13322
17850
28785
6825
32732
15327
16243
24208
20891
23945
18429
26008
7894
542
7089
29539
29432
17512
29437
1086
10351
26417
20312
30288
15630
26640
4808
21271
17840
13442
12456
19734
17695
13628
23464
17863
27188
9152
21781
28631
31039
24111
16731
24978
25768
11614
9672
11165
22743
12587
29586
18403
16210
26386
17436
29905
32037
32507
10869
20678
28807
29270
15905
18885
29114
4458
17181
13678
23347
31466
4893
9516
23803
12746
11288
19119
8021
17744
2054
157
30881
16238
8681
19332
14976
19791
19466
26388
23097
22064
15237
13195
30812
29809
27911
6000
2981
1260
18135
10628
13090
16517
7187
14070
29592
5122
30013
31190
25636
10782
16886
5068
3614
23512
22536
8458
1090
31505
25514
30591
29970
11094
11520
26189
15478
15611
22242
2430
14502
15977
31454
1522
26185
14264
18048
16796
2015
17537
32208
27631
23644
32749
1821
27282
10517
30482
25593
32347
6880
5504
15237
13435
17015
16406
23023
30710
12318
4635
18744
22359
29318
28810
26427
21153
31984
26540
7403
17800
14485
1772
6876
16865
17734
12008
16133
28248
11600
1476
1988
15713
4258
1475
14370
4209
2866
23064
4441
7021
23196
32249
17811
7267
1804
20982
2037
15224
4959
7049
24028
10017
30853
8942
5478
16534
28714
25396
1333
27780
21141
149
31087
23554
3024
30979
29193
25031
27657
17155
5702
10138
22328
20158
378
22537
6146
7509
19732
4190
23005
25206
31707
11983
3702
25645
10872
20725
16976
3324
10549
5760
9389
25645
25348
31784
18097
24679
13763
25319
21957
18560
8126
5989
21818
5778
26230
28084
6958
4433
6817
17725
5300
3995
7537
2298
5423
6737
2841
32742
13567
24678
11918
434
864
12597
25226
25530
3982
28952
983
12855
3374
15414
22730
2486
6121
11164
4622
9417
23130
28816
18594
29180
7210
14881
7461
17930
31609
6403
23634
32337
21888
21914
19655
10116
8821
27733
2570
31904
18607
9277
4301
21025
11019
29646
24689
16757
30350
10245
21962
10417
29516
442
8994
21123
23688
15664
2432
23143
1052
14315
14122
8478
17692
10433
28520
25949
2486
7732
24459
21698
26716
14079
17710
10507
7206
18671
18876
9610
23665
27124
14130
2260
22477
3960
27174
18106
22038
14319
9481
7802
17888
21168
10409
24886
14616
23043
13817
31908
5353
21371
23829
7688
30941
10886
15745
351
8517
6466
7089
16605
18650
5010
28623
14490
19876
26738
20920
21129
7451
3463
26184
20137
11149
18682
12759
23423
31423
11655
29699
4803
29655
7377
28848
11866
6265
17401
19022
2436
20273
18030
20827
16983
20241
2823
27944
3948
28315
24399
479
7640
23009
25888
30661
2909
29674
32371
18365
20706
26456
11126
12558
12577
10824
3807
31845
32672
31098
3200
28702
21474
3762
13852
22975
31966
5725
31354
20677
18608
10360
19127
5796
29839
18606
10720
14345
22783
12736
23233
21346
9799
28714
8183
10400
17702
4100
16973
22075
12226
25126
20805
26487
22241
7311
20980
6119
26459
23048
20499
28719
976
15620
1364
8205
18070
14795
2802
14747
8181
19415
18828
12750
25751
6782
6963
19011
8250
20690
21442
18491
168
11462
9069
7396
27881
2450
1949
25306
7351
26968
15868
21741
17458
16903
28107
8741
10197
4480
31612
17155
11433
31991
14973
13322
14520
32668
29010
14718
30661
27771
25574
4204
22586
18337
22563
12522
21602
14977
18624
1440
23512
10134
14938
15495
28992
8521
26311
5361
20532
18452
12967
20170
12161
21480
8507
7965
29588
19660
14971
19929
25903
14024
5986
24790
16481
13569
2189
30739
12212
26661
2820
16194
1960
3081
32600
6278
22112
6289
22254
25723
7068
27089
11162
2935
15591
13169
30063
11279
2578
17238
21206
4829
26080
22398
5854
24449
26371
2860
4563
31462
1351
8006
18450
17095
9998
8699
2843
3697
8956
14760
10472
28874
2547
5885
9598
23442
19778
21084
12993
2025
5401
14465
23180
18449
23361
19048
3841
9846
7689
29803
5406
30187
16260
16556
32145
14135
25841
2226
8142
30672
27259
27223
19294
3558
16163
993
9082
21923
15610
15215
22744
21426
20883
5527
13765
24830
2744
24397
12404
17340
23388
12038
30614
22955
11473
286
11562
14234
4155
29559
17303
25132
9285
25700
12536
984
786
30917
27831
17459
19575
19827
27485
9330
8295
22494
3240
1322
7598
14836
12255
14683
14562
3397
25186
19117
32663
26981
23685
21241
7123
10642
16542
3851
11202
13719
20573
3751
16810
20976
3164
9673
8224
15151
29175
817
1661
4255
19294
4127
8588
21030
17896
32092
29829
30064
17067
8569
20031
22089
5449
3163
7841
1611
9484
29688
16474
16314
9270
24155
2769
32684
20882
11502
16479
2925
30799
27896
11453
25889
8718
4453
1976
29611
12090
31174
28716
25038
18840
27288
4911
30866
25887
23241
21389
30954
17161
14968
1397
14483
11050
5885
4721
1599
20353
16425
6555
6387
3597
21198
24591
3758
1249
19586
9628
15947
11387
3233
12735
24744
27730
26257
11473
21768
23982
10570
6527
1206
12476
16405
635
10732
26594
20627
12401
32242
23888
31234
31805
4746
18136
6588
4443
23180
11263
14592
13470
9678
596
2037
25381
5190
25600
2540
23948
17523
5279
22246
29535
16632
18510
5718
8916
29067
24837
5928
24761
4877
5672
10497
7339
31482
14936
6857
21897
10756
5007
615
21032
29179
31084
12747
21064
13040
11723
32050
19399
29594
9113
13989
2069
22777
10215
707
13800
16696
8508
27329
17201
1496
22832
20399
4942
10507
1078
8957
25985
29278
31674
2109
32673
16027
24172
17450
28943
1774
2779
7402
492
25414
10309
3984
8841
3070
12717
32485
28447
7869
14127
16232
7105
10907
18833
9363
23694
18309
17434
29536
7723
15586
26791
24076
8817
31606
507
27931
21858
28295
87
31132
28258
26687
17482
7342
12708
11602
3019
14403
26082
25569
13701
32036
21073
27037
20082
4662
22740
21807
7595
16635
111
9944
8831
19291
1023
27732
14530
20133
14633
23557
22375
22481
25489
11085
7506
3336
18508
9276
8295
4198
5527
15979
13031
32766
29385
16167
4860
14110
19590
9426
14482
13525
12598
24967
13673
19379
20917
10493
23400
32464
31308
21934
7477
12303
6113
10552
23810
932
7530
27651
7594
7380
23976
12324
18940
6140
11537
15233
1622
26069
24590
23862
16503
27638
31078
12856
29070
3739
7418
7480
18070
1956
6836
30155
8934
12001
9658
12999
12548
6028
3047
5104
30139
10007
379
3796
6509
2345
21777
755
23466
9443
8146
31011
25856
30567
17897
29235
27413
30619
23350
2255
23284
26410
16455
27299
32165
13516
2948
27844
19200
21448
4777
16203
24258
11447
10362
1091
17377
2954
25266
19909
2589
11982
31804
18273
23000
23599
10149
3776
31271
7739
26066
32648
32041
3945
13550
30336
1688
22106
11175
20469
24733
14174
21658
9564
21225
24378
24075
3640
28673
19241
29146
26686
19673
29216
18866
27319
22181
4950
21380
2343
15084
19972
31284
26924
5598
26217
26258
28584
23271
23570
19595
10530
11140
13656
6305
4458
4182
9258
4504
32380
18549
26637
17010
12967
8966
4448
16542
23023
5904
2533
8813
30383
3467
1661
14789
387
4538
17971
26393
16484
23483
17020
6296
6421
26973
13501
18853
25279
6449
5390
5768
31448
31716
30270
14435
8520
20427
25367
32103
24527
23232
8419
4423
161
5677
31535
10733
22612
24934
31950
27757
26364
11836
14881
7735
5269
23503
4246
30352
3233
13219
32623
9283
32017
15606
32197
23443
15465
23121
29132
117
6944
25950
11608
16636
25669
15609
5024
13333
20841
31113
19522
20596
30136
15249
10120
20430
25705
18562
6122
21065
5721
27092
25812
22065
21234
16980
31401
22508
8274
3520
31751
11824
32425
32401
30797
30323
29411
11800
27482
9635
9352
21196
27288
4376
4832
12515
9018
967
9562
31007
3521
13240
6958
2539
31429
11194
7746
18086
23794
32085
32075
31039
29777
20224
20788
29186
16072
6804
4547
22961
20965
12289
23930
27095
471
20543
30907
32601
31165
29832
18480
15182
10532
5573
19050
9744
10954
2118
21704
2195
2216
16309
6043
28662
304
3917
11655
3928
12756
14919
14893
29677
19143
26773
23558
16209
12295
21459
30098
23580
11163
16507
4531
24758
5401
5976
26451
5229
4716
13117
16461
19140
21972
14070
18315
2318
32046
32639
620
10812
30326
1652
31080
29940
3466
18633
21494
22499
1841
1467
27565
16467
27995
27142
6826
16128
28843
31577
18739
28455
818
22535
32409
21473
4222
7935
31075
8111
30419
5118
4776
6742
9656
21507
28861
6381
1461
11780
19729
15412
3420
29663
20820
26919
10118
22419
20447
12243
20191
10416
23376
5225
677
1548
372
28305
30892
22456
11627
21248
12454
9522
29958
15181
19617
7132
21876
24576
21201
22957
8990
30957
15504
20519
12495
22464
30371
21385
29208
4312
14015
10821
7411
9817
19019
12468
3750
27004
17000
25865
30698
1578
8495
28548
5197
27850
27705
31464
28885
3671
18533
28974
1510
7861
725
28795
10341
20805
11066
3152
5662
17335
9042
12032
8547
2847
18351
12136
16374
5963
5561
28378
298
24660
29430
4954
12100
4724
31113
12813
8231
11287
28153
32238
31025
16949
16948
20163
27232
24286
18900
5200
9401
11799
928
2506
4074
27876
7254
15758
814
20134
3752
16659
1393
19623
1156
5405
22709
5108
23960
9780
21684
1387
32534
27989
21702
31764
20660
2279
15622
19893
2808
25072
23216
14752
15026
12681
9166
14800
7626
31376
6676
27188
15675
19356
21768
31307
26720
23862
30566
23793
30063
24646
5058
10873
27459
4299
17519
26875
30814
24783
31392
12015
23342
20379
18637
21499
8079
16679
11352
9226
21906
27092
6769
18590
9596
8797
21559
23655
25874
14347
17951
23828
4628
3369
30362
28521
22024
7608
18418
10642
30520
15460
4469
22455
23294
7094
21462
28368
32063
30602
3280
8635
310
29380
28172
19595
16243
32063
31557
10788
29987
22022
21418
2053
30865
32199
10884
27748
5869
11652
13080
25216
32589
9612
975
24883
24305
26794
13460
32710
4811
14236
15486
27914
4670
24774
21167
23716
30503
14376
22140
24233
18202
19342
718
21867
25070
9990
28871
32146
14715
15767
11689
15470
13986
18992
26612
10379
28558
15583
30671
134
4922
2115
18089
1056
11827
25412
23072
25489
11424
21249
1570
14623
15743
4362
2642
16622
31537
8656
7853
17178
32057
12122
13165
25603
14145
31801
26669
20200
18781
701
32335
28344
9620
5225
19099
10532
11933
3493
27176
20473
13286
29107
16000
15533
28379
740
29951
18999
25956
11020
7548
8484
21935
18483
5164
2536
3889
12685
17090
14706
23783
2221
31963
19459
25826
10997
31642
25151
8450
22353
15503
5253
21762
23589
18398
12412
9652
24963
8605
29934
13710
9122
27261
16346
27238
12683
29613
25284
16506
1046
18939
4432
20147
277
31805
7695
24619
16079
8431
31129
18156
7088
24349
10204
19451
32318
32388
8115
24725
20815
17140
18619
29880
4217
5880
2914
5861
30923
18873
10048
16677
12730
25632
17323
30538
606
22843
28293
6775
26335
5602
32089
5602
6698
13210
1190
18649
26600
21177
22907
20995
23216
24523
20804
8169
6779
18485
13284
27316
3929
25112
5124
31544
7267
2936
426
25394
1777
17566
19213
2766
24077
18874
16296
14189
30247
28621
10637
28580
19722
18630
28924
24712
27150
21227
7732
10281
3727
14203
11657
10588
19103
23698
27063
19646
18936
20044
16502
21237
27956
17197
17742
7225
833
16321
22189
2324
14095
7551
6455
22629
1419
30963
15709
9899
20433
19229
17201
29312
23965
12820
12408
19044
25603
11502
27905
1980
25697
20196
14646
15130
30609
11698
29425
11711
22883
3901
7313
7263
18506
6776
23116
3876
3413
3976
22983
29429
16481
19239
22499
22519
7310
6470
14554
31060
30959
6902
26252
29244
14726
17288
26899
17450
19567
12531
28061
4713
1883
25463
12155
14038
31040
6272
30581
5095
1103
19661
9569
18412
21543
10705
30708
9621
1096
25178
1751
5557
2762
17008
8957
17989
15183
30336
4405
19116
30262
19898
21243
4414
22545
31671
29076
20994
32089
7519
32602
23224
11873
1290
17236
23578
1929
4581
17161
7267
29108
5784
7830
13070
32508
4901
29439
12768
32676
17939
14019
24360
25421
22733
17587
25926
14957
11077
2307
7018
27646
732
1186
19358
29555
8326
6855
6663
15088
553
23757
29031
26042
21319
18496
6375
7917
20701
11064
22292
16493
9355
8933
17959
26142
31476
26732
15753
16728
22888
24561
29846
16533
30401
7669
17058
24429
7050
22243
8249
12997
19815
27877
19883
1347
18864
4092
17096
6149
4960
9296
19433
23442
6190
25285
30768
13584
12537
26574
15632
9144
361
9350
29455
23176
31444
26109
4042
8759
1630
26319
16698
5998
6757
7932
20023
6453
16156
17907
24634
31660
18037
15088
6759
21243
15173
18312
8651
27275
19363
28803
31458
15479
12944
18665
24668
32061
25822
31583
30496
4026
1354
32180
914
30037
25580
8888
1041
3706
3281
32333
21700
16202
10726
20416
16535
19600
15383
26201
9088
1271
28601
13360
519
2683
4133
835
14853
20510
24230
198
12460
8156
20630
4794
8647
15584
30915
11201
29763
30200
8216
4401
14319
15431
20857
18279
12416
4666
23790
6238
4568
26301
5636
26752
20872
12462
20848
19899
12691
24209
26102
7384
26741
28294
13449
24840
2659
17017
31668
29120
6101
1177
31288
6855
21826
12299
9463
2702
20522
4575
29712
31423
13658
22083
2892
18200
23660
30198
16825
26234
11405
6144
19604
31293
16003
15265
4460
26567
24558
16007
25477
12381
23501
4931
12411
31544
11333
15358
24615
1500
31134
23912
27590
28325
2703
32242
28760
3491
2491
17725
16455
20392
17531
20434
14409
18334
18142
27411
23431
27166
30958
19826
31487
10047
8501
7904
27687
22188
28800
25992
4819
10746
31459
10942
16984
6456
16893
27698
14834
32199
13437
11626
16483
20332
18149
15727
8925
14243
2447
1222
6946
28470
24557
28577
24810
6671
15636
18519
27269
5450
2428
5650
8385
27535
5633
21447
2574
25503
16430
4972
12512
23852
11195
24933
18773
28654
13652
31807
23064
243
669
13472
27781
16951
21362
2430
2062
20596
30835
21648
31965
25403
4800
6914
16826
17220
257
22125
26928
31491
7594
18950
29163
30075
12925
14358
30309
32599
17744
2986
32706
24119
8720
19083
32760
29256
17926
25456
14130
5655
4185
11379
2167
12455
23508
9666
390
11713
26090
21655
6661
20619
9975
19050
28123
5212
32713
11365
30427
4047
24671
20248
2466
3606
19440
14958
6594
21137
24112
10719
2336
15007
13774
23784
1690
12725
26689
19384
16365
11181
25284
5165
27350
6496
23711
13054
27000
2934
16041
23866
3582
30589
9227
3569
16769
21305
22598
7216
4652
31291
30328
27955
27806
4533
3547
5847
1167
24205
28558
1614
12471
16816
2456
32534
15851
20137
29482
1580
32138
12402
3620
3453
4887
20618
25051
29597
17703
29767
4889
11195
21886
17518
7526
8661
9333
29441
12678
12072
9119
29528
23875
13035
23467
30835
24685
9020
2444
11663
21278
10843
5848
23799
322
9238
29038
31005
8023
3972
1628
15337
15474
18678
25600
20561
5507
8235
18285
14890
11737
7875
6415
28734
20713
4854
7315
23710
24907
12934
22529
14138
6405
27122
30251
28334
7948
11245
10315
4959
5640
21774
19176
30919
2136
30665
20985
269
21846
9374
16461
18137
988
656
11818
6502
7687
19417
9013
32473
31290
732
18321
12497
5478
29531
12363
18239
25225
21482
19190
1400
13173
7076
11410
32136
7891
24604
18355
32201
1895
20375
19935
31925
10390
7032
16439
30457
19493
26363
29529
29642
3395
3622
2694
9084
19658
22781
11776
19537
15042
28406
182
31119
6439
7852
6435
8405
7147
19927
372
12718
2623
9596
745
17255
1295
20065
16509
21790
5835
20932
25801
21532
28781
29260
26406
23653
30648
4416
11282
26508
2749
29687
1237
24012
7332
32144
21092
15701
4009
12515
20357
19428
28773
3766
17972
1686
30287
9269
13381
17406
28034
23964
9036
15477
28097
28983
14266
27825
696
30348
15176
1690
10628
32215
9881
25688
18294
15286
28186
12721
32276
7462
5678
16274
97
22446
21128
13803
19807
18906
13527
6080
29649
16363
11945
19838
17221
28877
27273
10635
3666
18249
16491
6944
25119
19324
18763
859
22308
16520
22032
24720
24373
19081
19894
17377
13500
12491
13996
17678
20294
4154
28539
26766
321
4633
23209
11230
8963
31479
477
11289
28431
9695
29763
6857
29588
16336
25650
29948
15671
22380
18445
12443
7954
5364
615
21496
15357
11892
21866
11174
13580
27707
9593
4749
8537
20878
20244
61
13059
15774
5116
20867
11638
6327
25496
32570
4333
25017
664
14180
7990
12236
21976
3194
7605
31824
21639
12032
30892
18707
25992
25947
11194
30407
11288
13799
5025
24499
1970
30533
3404
2728
19247
15090
1552
2615
28466
17950
24882
23585
17347
3259
22185
23823
25914
25300
12070
9347
30815
22560
338
23823
29135
29143
21590
27845
27810
14020
19361
494
21578
16796
16357
22527
26046
19854
26979
18632
19417
28955
32617
32239
23292
31528
28953
22173
12283
9809
7019
21879
13879
5761
8310
10960
22791
21695
17387
12060
25693
15691
28898
25000
22694
5098
19673
16265
13809
12926
31737
1747
596
1497
31388
14859
3979
19667
12301
30686
17379
19866
7822
31506
27223
30026
21664
22206
19960
5566
894
17078
9362
13733
24299
3146
3212
9944
10797
32560
8720
22251
5722
23230
28524
3585
21970
10076
15544
4069
2317
58
697
21335
26775
9534
1286
17316
20568
26945
22377
16506
4121
20602
21128
20473
9540
29498
15301
14093
16875
30938
9314
27644
17676
16114
17385
5947
2068
204
20939
5766
9633
4889
8775
13871
7564
2018
2701
5303
31271
20161
20516
25755
23235
9552
10121
112
1910
27618
1561
1330
29211
12913
19248
26330
18585
4568
1171
13102
31849
9538
21003
30429
25426
14307
11347
30923
21879
31462
4916
16298
27796
22438
26351
5578
18565
12832
28891
32562
32008
12201
24399
21999
3267
21980
14530
172
5513
5591
2609
30595
4569
6055
21698
2835
21415
23040
32422
8659
7263
31281
19267
24485
30248
14424
7827
27567
12902
3026
4039
18534
12674
23542
3889
29163
22509
12547
9056
13979
21602
29014
397
32226
7020
32481
1334
29007
15401
18648
19208
15342
29261
9645
29442
21458
6505
2367
19928
497
25966
27471
31125
7221
1133
29235
12677
9679
3488
13774
21842
18895
25006
11967
27501
25585
24619
9689
8879
3002
5726
14291
5953
21956
19272
16705
24249
16215
3297
18115
8069
30776
8869
11645
14221
32454
2383
22471
13844
16962
23525
31269
11487
16239
19956
15481
7322
19291
6941
31607
119
124
4048
15962
15640
510
3928
13525
30383
2396
15128
20813
4708
29230
7956
21317
26359
14402
1971
22042
24742
7149
25795
14320
7249
24739
23997
27884
15836
22982
31562
4772
1493
14780
2567
22483
27222
22340
6789
3154
14125
23818
17045
27971
31035
6009
962
399
14618
21712
31518
6804
18691
2936
15938
19735
10734
14997
2448
30336
19450
14555
9147
8774
11792
26018
6794
25512
8387
28733
15576
30622
12411
10632
30176
17167
31443
5057
28087
324
29503
9369
4890
13981
23282
28042
29290
15234
28671
7786
32245
29597
6078
5697
11127
1350
2161
30296
2785
9535
13863
27538
14936
19106
1761
8703
23425
24343
4596
5807
28156
16202
28334
15300
13102
8093
22076
8907
32580
10522
7371
8525
7028
25259
17902
9120
7558
14989
14400
8707
22676
17410
21578
27627
19214
32070
29351
15767
11776
12741
3429
21482
2456
19595
6319
29306
29411
12028
20137
4069
22231
24517
29340
7268
30358
9746
20307
5794
30961
25858
29893
25294
13611
19287
30964
6126
6912
11123
16404
14199
23526
3968
4080
795
14739
24046
29322
25827
7615
8738
11265
7549
24363
19820
18360
11479
22498
1082
181
10477
12479
19340
2375
30431
1583
10920
30188
6726
19000
5391
20337
3784
1979
12463
4187
24554
27382
19546
4486
29478
13132
6775
10764
14398
29257
1016
1640
13263
15329
10124
31452
6185
11256
22805
21776
24670
25896
13660
28923
8601
27838
7683
5382
1713
2053
12732
22895
10750
32456
5305
7916
16748
26386
7524
22674
20685
24120
14671
11508
22132
21273
7790
12943
9727
17829
7300
19302
25972
8092
8923
25577
24720
2712
20024
6427
9819
26446
4878
2548
9472
18961
22514
22532
14300
8344
5199
7002
23509
25856
18267
19876
32237
532
23369
28824
6166
19661
18625
29586
4169
14101
3725
7294
3538
8144
20885
30712
14574
25629
14605
5298
6295
5593
23277
3606
671
31590
19617
10797
20988
15530
11266
3776
22371
24922
13446
20925
14360
1144
13491
26843
12036
24858
30682
15489
25608
7278
30721
25061
19857
28923
27681
16497
20588
7977
1682
9834
4572
18180
30659
4307
12266
3901
2350
10895
21501
15729
25739
18119
21418
9134
23364
23179
21453
1844
16938
14780
8665
25720
13670
6953
14188
13423
22706
10232
7207
5896
26569
6728
6588
1787
11035
12052
30280
31425
9414
28506
10468
5859
2498
5245
15478
21880
23387
3049
21710
18153
13541
24053
2542
20472
8619
31757
3496
2305
3880
14864
20335
8831
12154
30455
4711
29393
24595
14520
10686
4415
26802
16233
20287
8760
9873
21417
18468
14557
30688
21564
19500
29124
31603
18165
25326
10997
30904
28889
11117
32057
1003
14721
16876
23189
12941
24000
14340
30225
29714
13702
21235
22717
25306
4356
1079
18422
8546
28945
20572
24806
6076
7885
6162
3402
9532
26244
30594
13688
6773
31189
12258
21408
3939
15635
20295
19538
27114
1003
2747
12352
10367
327
32400
19270
17702
28275
18676
9383
17564
11646
12997
21658
17877
27364
23206
21253
9641
617
5714
9096
2762
11080
32304
701
28153
12173
22312
30910
29305
12992
20150
29928
8900
19395
15676
22239
25982
30205
25245
2258
16039
7609
20743
3841
12564
19400
31248
12412
21536
13422
4613
7469
29087
11644
15742
13592
16403
20409
15670
21730
3363
18310
3098
19344
27720
6338
9120
23954
15818
23020
23130
30976
8683
10887
4299
32547
11361
26819
8313
18231
27658
27225
16707
15983
6876
15543
22773
18746
2587
12381
26906
18885
7886
13191
3858
28609
29299
16396
19044
13670
27634
24710
32085
11704
25808
4275
23481
2057
11941
32027
15369
27839
3280
26099
32438
5975
30313
10562
32701
20906
13431
14402
18044
13423
12387
31753
26563
20738
1709
28008
20015
10340
12766
25620
23731
4994
25022
24835
8056
186
21190
22553
32487
10907
14808
15620
10500
11244
6190
22373
9469
5360
2961
8752
17666
26089
28363
14933
27224
4827
24158
8352
20393
29842
30070
21213
19871
19174
22301
65
19889
13374
22446
23813
24380
15955
23180
22868
8917
29751
14355
16231
32734
3477
16335
31983
22615
9018
10988
7091
12023
3284
4846
11642
29563
19450
16547
12075
26943
10349
26453
10035
23563
24990
8259
807
5935
6512
14931
30890
21202
23614
12801
28050
2951
27168
26011
11078
30753
9578
22960
24938
4553
19062
8646
15295
25165
21668
16715
3908
3259
13470
6350
25250
17455
15329
13167
21958
9449
24953
2196
11472
9122
17419
1502
556
1824
3353
30044
25598
8201
6530
5118
24772
13045
2888
27724
18231
18630
10390
18775
7537
22844
11266
22000
4949
964
27151
15385
29740
19089
28662
22713
23436
1006
32678
22420
12670
30163
3337
19321
12767
20406
8329
5821
775
30371
17107
14313
8105
22415
21978
20144
6138
13290
32543
27940
28182
7283
1841
2345
4511
3664
21103
8745
16039
26206
22293
28425
17360
7878
13431
10332
29617
2769
20359
17111
17788
1277
6301
11781
26846
17232
24184
27452
20775
17900
21120
4304
31659
5092
8781
3462
30056
14926
19053
16460
25577
16793
1634
14375
5482
3361
491
12396
23612
22785
12165
7475
14699
18984
26672
23561
6815
17584
14454
23781
12096
31851
32426
22366
6365
29630
15982
24602
31439
23730
19831
29322
11545
4168
15765
17108
5779
4109
10221
27665
29256
17903
15753
20153
1052
30287
16660
13147
178
6231
19934
1426
11404
2190
4135
15156
30324
18857
21145
15308
4379
18341
1302
23627
20481
20754
8372
17146
19348
15026
3334
18355
4252
24898
27294
9297
24278
32152
26319
2405
15071
32494
31928
27435
22356
24446
18301
6844
6456
10063
18904
32644
15254
4430
20177
1271
22119
1696
18377
4224
19637
25655
19389
5050
26113
16035
7113
3811
5859
6187
20715
6030
15600
15645
5898
14231
20960
14946
6455
14428
23025
8789
818
11818
4486
5078
15408
22518
7700
14233
16091
10062
17982
10180
12955
1167
30015
30138
10772
9047
3465
16945
10992
31549
20139
7051
25310
14528
21112
5731
11738
14974
25958
21606
20912
28327
15924
28004
4795
9392
22736
28326
1523
10060
30839
25731
17447
12952
5406
8750
25222
6805
14353
15314
21604
13788
3034
26337
6715
24717
9060
13481
25072
11145
15456
23336
31832
3041
232
33
19451
7822
3170
14959
4376
21602
14248
15770
14057
6718
28774
25512
1575
20870
8131
2357
24785
11474
25667
28614
27434
17638
8939
6747
17921
31205
13223
22595
15924
29889
11498
29236
5495
23798
4756
11675
18514
5752
27672
6705
30057
7145
1502
24015
18944
18704
25062
29315
6078
10631
7087
2787
30641
8115
17239
4257
7827
30713
29699
29024
17996
15407
10625
11718
20663
23377
6444
24275
1961
31094
4624
9585
7728
31746
10319
14412
22296
9756
12228
995
29876
22883
18917
4320
21979
20188
2798
9380
25648
23599
31292
20519
14246
6420
29174
24831
4932
30984
8691
26814
7974
11588
14808
20097
965
25327
32385
7878
19064
12691
20131
3454
10042
19918
23215
24164
4013
21578
5113
10124
17247
16622
5913
8767
10572
26198
5521
32262
9893
31105
689
27141
21200
1482
1976
18570
11440
23834
828
16614
13606
22619
6092
9084
4824
31792
3539
21527
9009
21987
3263
11905
7337
9375
28515
6481
9798
8927
14234
15108
2146
1062
25902
1359
23216
31473
13304
2740
21370
23273
1352
21076
7212
11102
30855
7684
20246
15857
30490
22178
622
7568
14218
4778
1172
27048
31714
27396
11674
29077
3929
4640
27140
9310
18225
24901
25292
10399
2783
20518
26282
12486
10092
2743
30866
24450
29211
6462
10109
20601
32332
20141
4972
6458
27296
28975
17322
22130
2398
20737
12882
6498
26646
16771
12562
18832
31364
10383
2862
20157
27830
6153
2248
5912
24689
9655
14174
19889
6610
30035
7060
21808
24369
10463
12340
23239
4170
11065
22131
5477
14495
2287
7030
1325
8472
19284
30484
18214
9453
2516
26590
20788
19909
9604
4188
10823
31520
25341
14746
29394
6386
22123
24291
20863
10640
21985
9933
6177
9936
26096
28022
13545
32364
21623
17420
17374
11688
30140
2451
21639
16437
14268
226
14314
13908
32704
2031
27323
5695
1585
21581
28621
11460
9389
22771
11980
16691
19034
14655
11054
16506
2683
27963
10087
9103
31041
31518
2140
5390
19171
27158
3355
6692
26865
21060
11977
17067
29157
11784
15579
9366
22267
20608
2442
9872
3138
9547
14976
24032
32499
7571
4568
912
17922
28234
17221
17614
16628
947
10641
29330
6384
20005
28746
21633
22552
19468
1464
8978
2842
30000
26897
27887
8449
27450
10480
27550
32082
4980
9732
2912
28756
32208
28165
10841
2479
15660
17133
21234
31032
5332
8804
30076
29196
8008
24956
25878
17372
21056
12446
7120
7815
1006
7109
2576
13294
21891
23273
30005
11268
9972
1727
10619
7972
30718
1439
798
2728
23144
17605
4803
29623
22920
4541
24851
11358
31496
10265
5545
28386
15594
18277
1326
17237
13514
25949
27330
25448
13411
20573
20638
4224
5973
22040
27640
4108
7718
17037
28711
16917
31366
19255
7432
1558
28887
14980
3232
25103
13036
28553
1027
8149
22545
1524
19316
21676
5708
14914
20941
1815
8419
24114
7970
26351
20510
29049
23201
19379
30286
12983
26556
27935
1550
15530
24203
2560
28105
929
25451
28998
19581
18228
8684
8539
25534
19507
28394
29107
27389
29404
22009
31397
10250
32081
5639
12153
28888
6729
20796
24258
31361
2053
29733
3310
6537
25478
6162
23835
22375
30717
25788
31788
321
8835
13611
16924
5112
7690
983
32147
10596
19347
25102
7607
19169
19106
32405
11845
19722
30191
32658
23008
6340
6239
13225
26281
1407
28210
24166
24847
10424
18046
9179
26857
16066
22748
22410
21698
4295
9057
12933
8051
31754
25808
13523
21496
32366
1805
13846
27516
27708
3541
26987
20918
13089
23981
22674
888
20086
28440
6735
31621
20676
16909
18447
24996
9864
9640
30415
12274
30259
10272
14138
17020
16757
17145
24849
1293
11195
6011
11728
13125
2551
20322
26255
24299
8095
30167
10534
12420
11512
23711
2196
5669
12948
24979
3234
21637
3609
10320
21699
11862
21573
7215
25151
5590
3119
20088
19856
7329
12240
1234
27404
5577
5569
3070
8901
7720
10310
8901
32686
32501
3468
4399
14847
7830
9519
16374
16602
29621
32511
25658
1838
11926
12036
4982
6108
3240
8896
21427
13592
2650
23475
31740
1810
26415
13093
30993
7638
12309
2847
19040
19057
17395
4283
19248
4950
1665
29597
7200
18432
13660
14018
16592
30680
4954
32377
17886
20568
24090
32686
788
9841
16864
29806
19935
12074
16288
14760
12291
11147
14681
31281
30350
3001
6309
2827
11530
19810
17293
23783
22775
6491
21409
9960
2425
25736
17225
11946
3917
6141
1366
20867
28929
1122
15068
13065
28517
9372
31556
13524
11837
29610
25245
7045
21816
22988
23091
1286
15654
29931
20323
5140
32101
16437
19629
29947
28060
24328
10507
8097
28588
3857
16769
31430
5604
1461
28918
17546
31093
15535
14914
25648
21797
29179
22664
2337
14407
24307
10694
15156
26090
27321
10154
16428
13393
23508
25256
31363
163
19742
13129
9574
2788
27101
5574
4608
20004
13616
25557
18939
10486
24749
24771
15172
27172
30280
19395
20751
5537
22902
27782
7708
30143
25491
19979
31800
19618
8065
7097
17670
14837
26771
21675
2047
10459
28841
18763
25016
23081
29084
5922
22627
24274
3548
5870
24985
5795
9303
28917
30039
1840
7069
19354
21062
7950
26690
18478
22335
14658
21124
16904
5646
29946
16174
984
886
13691
32701
26424
26742
24155
28096
4740
30923
8176
21893
18668
12982
26632
29681
199
27647
19162
2992
13354
12346
30781
21903
8122
21577
4376
20517
25534
25378
28954
12985
15225
18387
16555
1888
16054
22723
25378
12390
24996
10298
5432
23791
9956
15907
20412
12510
14305
7953
17033
9206
22368
17537
31670
23615
25176
27231
3852
1964
21251
21963
20925
30970
31285
31004
32338
3035
25325
6437
21734
5204
5161
22456
2962
23908
9471
18281
9000
31462
22250
27796
29732
29368
10850
20386
2015
285
8623
1159
4614
31840
9726
19343
7755
7099
17077
12123
18010
9590
11012
17446
1039
18515
15804
27726
29670
9258
31589
17935
7091
17873
8843
9873
2451
6718
26200
17957
24354
7408
29544
459
7406
17803
14040
22009
16940
30914
7072
30359
5290
121
12835
10318
9477
20267
30213
16130
25372
4746
9789
26013
22212
22886
25451
4879
20670
20688
2155
20627
10214
23679
28970
13619
22188
3699
9144
14990
3272
16855
3999
20185
2346
23852
22388
18468
20528
32676
22699
7390
4636
7628
26031
1436
21957
20846
26163
27670
15245
24758
20930
19314
27794
16531
14494
26054
2601
5728
20167
29400
12680
31940
11610
11304
26562
4055
15900
23088
505
1158
1367
18154
24014
20280
15845
14739
32285
7602
31626
24495
24552
10295
18311
18253
7056
7668
27499
20108
9803
12444
24109
11358
18386
848
1912
30348
6234
193
19782
18682
6854
23704
8112
29229
18203
17430
30468
18698
6452
503
30745
4064
30647
6557
13023
2217
1863
7530
12090
7821
15867
17518
15377
18600
19215
834
13474
2573
9946
11315
12312
13067
24320
23203
20319
18351
29417
11693
7479
12169
21618
5640
13447
4787
24802
15150
8436
2064
26143
15293
11699
30930
2082
19741
5787
23871
6824
32355
20351
14004
17194
8821
21946
27370
30480
9583
16395
25720
10786
20806
164
7321
16703
17836
3453
29232
7505
10035
25326
29193
21120
18868
5245
29794
24486
23026
24565
13226
31235
19067
30392
16520
16691
1999
29013
30495
28508
14276
8541
22929
22956
2089
13683
29633
21763
20650
25507
11358
21228
3059
3573
10013
19154
27673
5441
7237
17265
3637
20036
18801
4234
4434
19700
24465
6363
5257
31249
4659
14414
24682
9981
11265
4721
16286
5069
19594
26918
19147
7072
13125
19356
11192
31535
15314
12669
7090
26022
28548
22121
8494
23475
20509
27044
20655
30940
16344
26123
5354
11029
10925
9805
16936
2194
21712
2391
30957
14298
29307
15120
7127
7709
27885
30023
23752
18375
30899
19689
9544
16213
24870
24440
24100
18023
11573
29880
23131
9495
356
26796
26939
906
25365
29120
21448
452
16646
5960
18781
449
25884
27689
32662
22465
13151
25046
2412
21731
23109
18303
10658
24565
22579
18821
9313
4235
31297
1328
21535
78
14398
1188
1477
18071
4596
14097
24592
21053
20908
14635
23095
5547
22517
474
1487
14645
21666
18226
12268
18348
4370
12197
7562
2351
12212
9079
26411
69
1225
21107
14273
15657
27756
16861
29389
31589
16848
30375
1481
15778
23498
4071
26820
23487
12943
25993
4684
14112
4798
32577
25232
2377
417
30660
18886
171
14000
8248
11723
8125
20054
30697
21257
4687
6648
19517
19614
27932
12596
5354
14267
2974
10342
24678
17993
38
4209
25760
23763
18987
9148
2029
18336
18146
17530
30277
19231
4112
12335
5807
5001
15645
3183
29946
18369
14953
12521
29614
17279
10979
21157
23106
15533
2007
29834
5007
22545
29447
16675
12421
28973
28414
12707
797
6499
29089
9766
25998
4701
1287
21305
452
18348
27274
10397
11534
2991
29726
5448
11287
7095
2018
19629
29463
12136
501
28989
13898
5987
26763
18478
24226
12066
9792
23163
14009
9762
16044
10028
25609
25672
12599
19159
95
3454
32302
16487
26509
26781
535
7964
3423
11663
6978
31187
28625
32437
19873
17288
31103
4486
22745
23833
26717
19065
29849
12364
3240
20517
10027
31764
29725
22951
27209
13840
21864
15429
4657
9557
20447
31825
11004
6765
21360
25935
16427
26783
17624
27994
17027
1137
12822
26563
27
27500
11040
19196
25267
14623
4820
3508
26695
3431
31793
24388
2532
10221
26567
16202
1211
23791
30060
14483
14708
18244
24113
17215
5572
23450
19093
4639
15426
16643
22776
20322
24182
4784
26706
3185
32051
28411
31524
26903
807
30635
18095
13797
28081
10100
16997
5589
30706
8382
19357
25389
31783
22952
12682
23462
32566
18763
15726
22478
6790
31299
2827
4523
14356
9836
17754
16033
21700
16361
7040
149
15605
2923
510
29267
30551
12207
5160
21293
20993
24137
10712
5605
17854
31137
30051
22222
9128
23611
15820
32045
16633
9531
2360
3045
5405
11816
19362
25940
32268
3568
28112
1656
7894
19756
16518
32086
3199
12198
12281
7836
15630
14104
19334
16005
27873
17207
30116
28925
28227
29424
20504
5382
5953
10994
14440
12122
16825
25964
26769
22609
4531
12056
4092
16646
30196
30072
30895
5045
5841
2656
3265
13160
10050
180
20496
7891
19511
18035
8758
31356
3631
8180
23736
1567
2310
26736
8577
336
19982
15297
28047
17250
11362
28009
17389
2696
21367
28886
1249
17978
1012
5861
17766
24794
17092
17572
15068
19608
17001
1884
3839
22419
30355
10703
12310
2880
1521
11966
29036
6928
3655
21678
4100
9805
28353
1772
28553
20805
3207
24527
9092
31147
17809
8253
6354
2618
1469
16496
29524
12699
12830
32250
29672
137
24215
2823
31384
13107
425
17123
30994
10722
6794
1980
26968
21723
32119
11688
7353
6023
14922
5866
30464
26321
20815
25969
27115
9936
10836
26017
17631
2982
511
5718
11481
424
16741
29222
20648
24767
29655
24039
11610
28429
20223
24689
30452
30420
301
1957
31078
29588
14827
7855
1469
6772
8407
6535
16283
16867
11954
22974
24292
27775
7348
12407
14779
31542
24098
16820
10925
19115
22563
11475
10027
16347
19408
7768
6718
2048
9866
12012
22390
4022
11408
13222
14884
30044
12752
25482
17608
31421
21758
30287
21709
14831
28900
8294
15988
8572
14329
4151
25871
31680
11828
20654
9071
1426
29986
13558
6303
22567
7735
12676
11475
10802
30562
18008
25243
11344
1507
24191
18524
1188
9057
18653
7681
11710
28983
11817
750
15554
5648
10297
16437
21190
31155
24192
781
15739
29472
19413
7040
2832
7387
4469
4963
5459
17288
31564
12683
18458
8888
6512
15678
9953
25603
4847
5608
21940
5207
5578
29455
10576
911
2113
24713
645
16967
24401
19181
30942
12783
15996
12359
6276
23327
17608
18704
14176
32298
11018
15709
9600
4598
5988
14934
15548
9483
18957
31722
5017
21737
1872
7873
22381
20383
25304
20082
4548
5017
20522
9207
23811
25018
7283
18526
19531
5547
13700
12224
2720
22642
25115
119
30027
24902
20324
31372
13692
14497
6079
29551
7476
12696
9924
14827
19298
3432
7812
30296
23373
32081
8722
23315
9009
30375
10563
14635
17965
3366
16817
19805
7516
18310
24838
22851
15427
8783
11383
23752
5227
13551
22926
991
31822
11529
3117
7285
7544
5137
21968
10403
3558
4886
14866
24873
6322
10462
23667
15384
31218
1592
15192
19406
4573
1166
7251
2599
21295
27322
3493
25586
28879
29722
8449
6306
3759
19943
17299
16966
31220
32450
22337
6588
11352
27792
28977
19233
7884
29832
24971
28299
12129
18826
26752
30971
7784
3251
15499
14733
26328
21550
17910
14066
30193
5197
13217
288
1567
7896
19711
19272
8481
11429
9569
25097
3434
9576
5239
20963
10952
6605
6163
20974
579
9156
817
18124
3400
8476
7733
29148
30727
31828
7283
8368
25369
30638
2804
28866
26726
11908
7287
31586
26438
16607
30391
32243
23526
23878
25836
21079
17902
7380
5012
19368
25184
25998
14707
19241
15555
18163
20953
8572
23426
1236
19491
4117
2959
17509
21636
32494
3915
3989
6662
14972
13482
8859
13771
19939
5778
14289
6041
19814
3461
17862
7062
9505
4992
25486
11599
16378
7971
18269
7167
6869
14865
4949
1039
6151
22170
25755
29145
9997
10392
22704
8625
5247
1430
31999
294
5695
4152
23730
21893
26614
13015
8394
11167
3009
11627
30319
29900
807
15022
12164
30000
5199
4222
20863
26429
28527
16259
1656
30841
18568
13843
9343
898
14673
27218
16179
11087
32624
28574
30609
15288
27376
31530
32265
29497
4336
7144
31447
6643
5784
10669
20624
2547
10322
12176
27899
3255
28982
21907
7203
12782
9925
3461
4522
896
31963
1830
7264
15054
5599
12173
14356
23355
17213
16327
29099
21995
10774
7873
20847
6859
8246
6759
16297
15057
21830
15374
6001
32645
7234
15375
23493
7104
26926
22709
17113
22963
22277
5210
2990
27180
18931
7884
20966
14613
451
28150
21463
27453
12443
18876
24286
26972
27111
20262
22005
7249
32147
11969
1672
16045
4989
10818
16261
26485
6954
5485
24243
12836
25528
24117
18500
10224
28691
24613
31917
20046
23404
1790
16565
32440
25063
1186
3020
27566
24980
7728
12447
30459
26529
21617
29673
15673
7630
27507
1420
31383
11296
5491
4064
11482
25306
17664
20811
5794
16553
27230
29714
2031
10527
8233
6254
4067
24418
2874
17635
31690
6438
29135
12493
18263
15832
19941
7484
25136
9756
24297
12289
28334
28538
32400
1289
24029
14420
15620
27114
3275
22556
2112
30652
18175
26564
25277
32554
21063
11893
27982
31432
26551
18051
18504
31656
15854
3745
4071
17448
2203
15185
30701
1293
4416
7327
19084
28886
19766
27663
20102
6474
5362
14036
22675
19284
24710
14402
3075
23824
11626
14470
3748
8742
29053
17301
13286
31319
16199
19554
25405
11861
32641
4180
15815
3800
25559
20215
18223
2542
30444
10738
5585
10898
28063
16697
19999
13953
7565
24451
27971
24137
15574
19199
9990
13219
20261
3650
23280
23042
25578
19844
25776
9580
2538
31757
19391
7049
7162
1514
5697
2810
19207
16868
17196
11499
2394
16307
12203
1260
15130
18030
27589
29436
20499
5958
16954
11239
10933
18548
30637
3027
30816
19568
1288
30485
24287
31076
20765
15689
9010
9440
11657
12961
11664
10191
6878
29565
3756
24234
6145
1596
27192
31211
208
20306
27303
12997
16392
2971
8760
14354
22630
17648
32048
26509
2317
29943
10598
10049
4392
19007
5893
29505
22224
17292
30350
29594
30000
5487
22556
11910
30183
3610
20460
10978
14765
27507
17436
5858
21562
22375
18355
18180
24420
32385
9954
8514
2439
29883
2186
18572
25385
23700
18685
7285
12254
1122
29193
24877
15978
28138
29747
9135
3110
29742
1344
11835
14245
902
18426
8455
1686
6130
8496
818
748
30127
24063
24569
29501
20488
3920
17453
12904
21103
16034
12260
10875
16332
24586
20592
30420
7189
9591
5773
29062
5151
5947
31966
12286
6068
5575
4763
13030
23013
10422
7812
19785
11169
16142
28185
1784
25735
17602
9484
32301
19961
12667
8439
3183
17522
29847
17739
12981
793
25202
17288
4302
19862
1765
13236
27648
27684
269
4358
2288
11751
19534
28386
23745
25985
6807
31242
22912
5088
9191
6674
22976
13657
3856
18196
28545
25851
22459
26534
6743
18973
21932
19209
10440
1082
18759
5027
18677
2303
4435
9647
3197
10401
28159
28212
25502
11380
29986
5683
21405
17338
7111
30245
27752
12984
30953
23973
16763
30736
9595
873
27136
23626
23980
12662
19514
8116
18280
404
14371
14956
546
15872
5460
25275
25553
14946
10278
19876
1848
14590
12823
23997
3947
12334
29039
13374
17551
1040
17443
22616
28129
2172
29177
26824
3322
24377
25069
2987
24145
1648
16083
4244
17153
11104
20287
30940
30668
5460
1186
23097
15712
15570
1461
20370
21978
25366
14363
27666
31625
15807
3394
25724
13556
2759
5770
25278
10782
8376
9385
14280
24328
20253
30286
24478
30584
9015
14852
2988
26617
25842
26457
10075
14371
24599
13120
2785
14876
19907
9141
20573
23391
29208
1695
32547
29372
16946
20474
340
12192
9821
9013
6067
3735
11397
3033
16307
30479
16110
10604
16341
26207
13093
21141
20016
19464
17718
29569
1361
31546
21279
11140
6982
21914
27781
28164
3830
4930
2726
10899
16308
19465
1167
16475
8979
9733
5006
16575
3323
19791
31723
17727
15868
6406
11731
23708
11235
407
29333
21309
14475
19515
31249
23250
19190
4033
23660
21815
32412
30349
25609
18075
23811
25057
13237
13025
21904
21083
7458
27206
26525
14783
15255
2373
13004
6647
9957
12216
24986
5464
21149
13119
8759
21543
28032
20709
8597
25436
21815
8705
15550
28837
29253
22619
23660
1966
4153
1424
11987
13472
1576
29112
13250
12264
17242
17733
20202
30521
5188
2606
21629
30676
13238
18510
17404
11783
31830
16647
9546
24051
20045
3626
15364
18835
32064
10267
1301
2042
23170
5936
12932
25052
12168
21595
6545
22352
15517
7433
18177
13012
4054
15945
11702
19858
18505
6961
9090
26850
6522
29309
8253
16655
8982
10106
29461
15710
28900
4643
25126
24908
14072
6793
26699
25368
7722
9080
1331
2945
13510
2135
21431
17105
22405
12880
23146
28442
9916
2225
19058
1984
23508
16530
8343
567
4858
20409
23706
31758
23831
1722
17096
17965
11779
5730
23502
13659
31478
1110
9935
23555
7487
21240
12724
4407
19768
24714
3012
26869
18809
16790
18036
425
32332
6797
30848
19188
16737
15534
30522
10668
30147
2601
14882
7460
11275
25989
7352
18861
4820
12351
29326
3164
19310
7348
8609
31758
30423
22336
14057
31658
3814
19112
10543
16806
24522
949
15903
30925
13747
30754
17822
24127
4815
13497
8030
185
376
14008
16047
1302
22188
29817
8344
5142
30909
22866
26662
21855
32329
14523
5380
7105
14701
31918
2124
9918
822
4948
19357
7498
23384
24541
20078
9679
12323
12975
3489
16244
25266
3268
22875
16543
23398
12877
11540
7864
17043
20636
19946
25393
12664
15168
9019
29123
28533
1138
32114
1018
3960
29872
16161
32243
441
9639
7249
101
28071
17494
25622
23518
26657
15985
2150
18767
23018
24323
22570
3019
10839
7768
8086
24460
587
10522
8886
23095
15205
25274
9802
8288
20344
26385
31444
5201
23612
20296
15855
25095
3907
15861
17890
3198
3630
30342
27509
24623
12064
995
9732
28374
5491
12879
11729
30840
1706
24719
6302
26021
2983
27727
9340
14075
12831
15809
9438
3563
586
13959
17905
12992
31967
2003
6704
15324
13631
13261
9779
14917
23536
15925
24263
3937
19790
20553
19780
20478
30845
21481
19995
22677
12962
18937
7599
30416
19027
24583
10086
19529
28492
2349
19199
20117
16995
7737
3110
2177
8638
18700
24645
155
1347
16192
3742
26869
32592
4110
22167
31781
13740
2414
20564
11152
26302
30847
15243
745
20221
18730
12436
25844
680
18690
26560
1424
4023
4463
2796
17652
31761
23820
17750
20537
29695
19533
1455
11033
15585
23909
9841
1782
16416
7015
28786
2845
16995
18603
11194
29261
6918
2163
12945
8563
32712
19406
15069
7096
14531
1469
18859
30653
20642
27285
1292
14885
5390
16036
22562
14677
31593
30743
7546
28279
15807
14363
17308
22469
17401
24387
8161
20484
11604
16682
25477
32590
3602
15193
26365
18709
13680
13163
16267
23397
4055
16495
21263
17257
31062
909
24096
11057
5200
29677
8283
9394
30834
8660
8955
9743
19944
13584
19883
6935
10449
10903
15768
12302
14576
5483
4809
14768
8612
26304
10163
24179
3610
353
26376
25869
21953
7248
13265
19510
17662
14508
6076
4015
24098
11992
11191
16003
9881
5850
28349
18061
21603
4097
32496
6458
28617
11211
26857
3472
15688
5
332
9071
978
9268
31903
3095
822
7732
14684
7147
11996
543
28740
2421
181
18801
16119
7593
30834
9577
16578
14702
6900
20658
10680
21594
1540
9282
6148
22717
27717
29571
3965
226
3430
29616
21371
6545
32412
12930
4841
19928
22352
24589
6812
24588
5653
28644
483
29706
20956
21892
1376
20162
2923
24560
1046
12023
13067
30872
21186
9024
13953
18815
22895
339
11072
3741
12101
25218
26845
5763
10402
18822
10179
13885
2924
21884
30760
13436
23973
9773
9536
28661
575
21906
22704
17668
6194
10904
4677
30357
20429
26912
18406
7748
10825
25418
16839
26563
22436
12275
1760
7036
9901
10876
28062
15480
15195
8141
9432
15744
32610
19610
18692
4482
264
4325
22955
6966
13365
31941
8986
16384
18890
6757
28763
8729
4404
6479
6499
17898
6209
16107
16781
9912
32050
16450
23111
32390
10001
26888
15883
17719
22597
13274
30610
10996
20323
14276
2372
4557
27207
3846
18674
19107
32612
6936
9159
6469
24920
18923
24188
17369
16579
16498
9676
12670
24666
3681
808
23599
20279
20277
2475
6634
7539
23668
20304
274
16119
30006
1635
27667
4239
32484
19253
24644
13121
17216
31252
23569
12764
20389
8570
20569
9427
22928
25733
18709
18508
19552
24999
2363
14453
25690
29087
7650
18455
31472
21160
11430
9581
26691
5104
334
16694
7654
21835
7852
11273
24293
12073
22213
24041
14598
22214
11826
7193
9038
21152
3782
28977
26055
21294
3441
27506
11905
975
18276
5463
30679
26625
6774
23660
9203
6355
15559
23139
29077
30365
30627
13413
11791
8942
2473
1190
18581
22214
29740
572
10931
26885
14297
23345
31263
6436
17562
29911
10161
29219
8379
1627
28592
22978
2892
16797
12111
8180
7622
32319
13175
8849
12529
6909
25799
22859
2308
2364
29914
24035
3342
14053
28872
17565
3478
19059
23791
22769
24190
25931
15859
4739
18478
24652
13059
22101
5102
13992
1374
22587
14226
4850
20758
12432
25693
12920
11028
31272
32032
4818
26717
3205
14242
7611
27284
9806
27972
18208
5567
7164
24293
20855
21326
24279
28676
11346
18009
28705
7460
8500
5417
5265
12661
17059
27642
23555
32688
20862
7423
20845
8771
3217
423
26389
1710
7783
287
29441
18477
7519
24600
20399
7575
20994
15818
29959
24198
14228
25144
7566
25528
27369
16822
19420
18101
31611
22953
17488
17586
21177
19087
20226
18614
9633
21311
22009
24827
9360
4465
13215
9111
23897
11136
17777
18011
917
18287
5883
28156
4923
29483
14596
30832
369
25103
6406
18075
28577
9133
27873
18731
5326
14284
1743
21697
20777
9133
9627
337
8159
27795
5390
6347
23350
7041
12971
22779
1752
11846
10908
3246
5230
6583
235
16406
22129
16700
15093
5231
5437
1934
15644
30435
31336
23742
12477
16043
18001
28026
1634
30328
1020
22412
26680
21777
12061
1955
12483
10557
114
9302
14800
15587
21590
10854
6059
29552
24468
7747
5267
10105
9849
30418
107
2978
27181
9582
10418
4798
67
24365
3253
9015
18574
2916
8707
6576
13622
31597
15650
24298
6412
20391
29312
5348
12315
11711
940
8007
5759
11310
11462
2816
8571
5891
26165
6447
20165
29155
28311
28992
15908
23374
12542
15959
26941
13603
23385
15346
3498
13927
14640
30154
32077
19010
9877
16122
18660
24650
12119
9314
30941
4613
11896
24142
18539
16808
481
1363
5849
5669
9813
3706
799
30821
20388
21153
26035
30162
20769
9501
7329
11289
27221
15780
24030
8750
19445
31083
985
12944
26898
14219
2132
27342
26768
21673
8562
1098
19161
2518
13585
23101
6098
12980
5721
251
10511
16090
16789
25209
25667
21114
2626
1036
31226
23105
28518
22899
31882
5759
2596
18712
25414
24968
19084
17811
19958
13658
30392
8304
7300
13440
8212
31282
12024
14902
765
29591
24998
13773
1166
1054
6566
21841
17078
6599
30085
17258
27278
26138
30266
31872
18666
31850
13404
32546
18735
9563
30098
23465
22116
2978
13898
26392
21131
9740
31662
5447
6193
706
467
15937
14916
22475
6708
21226
30245
31954
20064
17637
3070
12842
6895
9652
29014
22799
22202
16673
4578
303
6732
14045
4766
28521
15251
22376
19229
468
12763
18480
26909
5379
30206
13053
29279
20103
13012
1164
6326
28854
23025
32378
5213
7083
28816
8293
30861
8078
10442
11341
13903
17430
6924
19008
16784
10571
13255
3894
3187
9617
10601
27450
19691
17634
3725
17098
16520
19803
21614
14209
25233
27898
20898
25587
18516
29862
8453
3801
6074
17519
27891
6510
19486
19736
31418
11544
15711
19154
2638
27723
7476
7499
24127
10922
24256
24807
32745
28784
15463
11597
5099
19727
20447
7462
21210
15639
28810
801
31286
10072
19459
28731
18844
13643
27895
28477
24638
2734
9270
6534
3729
8303
2057
26890
28741
18123
32199
27547
25210
4791
419
15208
10801
14975
8392
24771
24320
9645
22952
295
28171
13356
22160
32633
18735
173
13952
29070
5760
8778
22587
3822
29686
12649
23450
31959
9059
5092
19749
7045
12968
21607
12260
14513
29737
2329
22899
19288
23422
3454
21589
7357
4716
5020
15498
689
23059
20572
19044
3858
3176
18228
32662
22674
20966
30979
10894
16569
24449
31292
13317
23342
20700
13383
27348
23090
29371
22052
16905
9325
4539
14418
13626
30701
8513
14319
18201
15980
20144
19744
20041
30417
21727
24755
1136
22522
9162
9475
2958
4281
12423
30236
23949
18716
380
1312
23065
18674
19152
21226
26289
26506
12063
15856
21758
10430
30834
10094
868
11056
23918
29633
27608
19412
9931
27152
5361
8879
18696
14130
6465
15582
18013
6092
14565
14297
27890
28090
10587
8697
17742
17585
6036
17464
17682
2594
4170
14649
6631
31841
17044
30088
8373
5382
20664
9506
23830
29332
9024
568
1290
1368
29264
2352
29932
916
31030
11757
8100
26845
2115
30288
20255
1218
26841
7678
18684
23726
18374
10084
11144
25872
6608
32249
5869
21944
11921
3523
30374
7556
25990
29725
32566
14653
14690
11703
13338
29116
5544
26078
2556
17745
10872
19198
31017
101
12969
3173
5189
18781
24601
25929
30526
9154
25153
22797
8830
11935
15117
1216
5733
8747
21994
10727
17142
20648
5408
22140
8144
11915
18786
20022
96
9693
18339
6411
30806
14561
4396
23284
25685
14327
16876
22768
27375
3776
14607
20299
2512
27779
12242
32032
825
19408
12949
2333
16305
7523
12337
9094
30711
6730
5005
2428
15162
331
7020
19840
9612
17280
25737
2355
23189
25668
23014
23647
6276
4179
32609
23867
30539
12332
19080
24043
10252
31162
32174
11079
18638
17716
14655
10461
8309
10562
14160
28217
22257
8801
25978
18788
32181
18824
20713
19114
31851
24076
6320
15776
13798
9921
23135
13158
31064
28258
19672
554
5061
7986
32094
24045
5559
16868
25327
28298
8500
25528
15316
1780
21485
10216
26998
25023
8632
2114
15987
1762
13120
2326
29425
16059
7419
25682
13107
13907
605
28652
31850
14564
31052
17280
15309
8856
16851
24891
25579
28820
9754
26103
27712
4661
5782
1191
28423
24473
22141
20726
22864
22882
19581
7467
24914
5558
19373
28496
14082
32394
26820
20883
8933
17697
12169
492
1826
11983
19594
17664
30427
7939
32529
24646
22461
645
26452
32616
16854
32763
1260
2284
4519
4530
31112
9747
24699
27803
25571
513
22263
22676
26355
1055
3569
24041
12644
2494
29062
27675
6468
25341
23142
24032
8192
5868
20851
32362
29327
13041
12683
29676
14829
10603
7073
13147
20427
918
28947
24946
11141
27311
18487
17656
6996
19544
3895
11845
7621
7741
20768
30723
28521
1272
20789
1330
8398
25138
28809
24686
18607
3595
4557
24693
9832
16316
28518
30180
18604
27003
6083
1601
3194
2976
1005
30782
2125
17157
31839
21820
14228
5810
16409
9231
31329
18618
8688
24833
15717
11872
4136
14105
24092
21374
14916
24221
8005
27944
18717
17621
16789
24460
23858
24850
5292
23324
18239
23279
5192
21744
12049
26071
26041
24165
7320
30151
18837
8203
5950
12629
21932
31678
20343
17650
2878
6674
1689
31596
7532
26357
10479
16311
31725
16783
19976
27628
30210
25453
4949
2450
2476
17119
1268
26397
13084
29854
2246
9908
20587
20658
32711
10807
28043
24211
4511
129
3198
19599
22132
14314
15813
30315
21251
14864
7452
16205
31471
5336
1636
17114
11608
21679
5857
8603
24496
21526
20133
27813
27338
9309
26188
29817
11828
29614
11498
32553
32199
5198
578
10684
3452
2336
16697
30932
20354
15211
11914
23694
30861
15836
16314
11178
7792
16591
20047
23020
9454
7114
2877
28097
27853
4170
18081
31014
31021
10691
24497
6598
32536
24290
28915
17506
4954
22549
3246
24438
27283
32589
7583
28954
24458
15619
16364
25638
13252
1657
9822
10393
15958
8514
24522
13116
31991
16388
4304
8322
15193
23677
30152
32435
17594
29380
16634
841
21430
465
10509
12187
13407
30016
15299
10424
19599
23634
18659
18070
32381
4661
31094
7788
6543
15237
26421
3164
19823
15634
18499
85
21345
4068
792
4664
16852
5756
16061
8505
15926
22365
17215
649
269
16587
15966
818
24644
22995
16517
16706
21442
1163
1535
8235
10306
13723
24679
23658
21598
17660
21600
615
9196
15360
16263
19612
11662
17555
6822
11514
18053
7616
11307
1416
26822
14711
16088
21582
16208
26509
12475
22129
19644
12804
28257
26271
24598
20109
11847
6829
19435
18763
145
25727
5027
19674
1790
14889
785
11152
26908
2387
25673
3586
22712
31202
18354
27338
15001
17365
4700
11144
18286
7276
18067
8999
14596
32400
15028
14690
22460
21103
12863
28550
31805
14439
3374
8825
22886
31525
389
11771
8838
27918
4907
21804
25040
13533
15864
5198
4873
19854
1551
16333
22148
15926
22365
17215
649
269
16587
15966
818
24644
22995
16517
16706
21442
1163
1535
8235
10306
13723
24679
23658
21598
17660
21600
615
9196
15360
16263
19612
11662
17555
6822
11514
18053
7616
11307
1416
26822
14711
16088
21582
16208
26509
12475
22129
19644
12804
28257
26271
24598
20109
11847
6829
19435
18763
145
25727
5027
19674
1790
14889
785
11152
26908
2387
25673
21374
14916
24221
8005
27944
18717
17621
16789
24460
23858
24850
5292
23324
18239
23279
5192
21744
12049
26071
26041
24165
7320
30151
18837
8203
5950
12629
21932
31678
20343
17650
2878
6674
1689
31596
7532
26357
10479
16311
31725
16783
19976
27628
30210
25453
4949
2450
2476
17119
1268
26397
13084
29854
2246
9908
20587
20658
32711
10807
28043
24211
4511
129
3198
19599
22132
14314
15813
30315
21251
14864
7452
16205
31471
5336
1636
17114
11608
21679
5857
8603
24496
21526
20133
27813
27338
9309
26188
29817
11828
30538
606
22843
28293
6775
26335
5602
32089
5602
6698
13210
1190
18649
26600
21177
22907
20995
23216
24523
20804
8169
6779
18485
13284
27316
3929
25112
5124
31544
7267
2936
426
25394
1777
17566
19213
2766
24077
18874
16296
14189
30247
28621
10637
28580
19722
18630
28924
24712
27150
21227
7732
10281
3727
14203
11657
10588
19103
23698
27063
19646
18936
20044
16502
21237
27956
17197
17742
7225
833
16321
22189
2324
14095
7551
6455
22629
1419
30963
15709
9899
20433
19229
17201
29312
23965
12820
12408
19044
25603
11502
27905
1980
25697
20196
14646
15130
30609
11698
29425
11711
22883
3901
7313
7263
18506
6776
23116
3876
3413
3976
22983
29429
16481
19239
22499
22519
7310
6470
14554
31060
30959
6902
26252
29244
14726
17288
26899
17450
19567
12531
28061
4713
1883
25463
12155
14038
31040
6272
30581
5095
1103
19661
9569
18412
21543
10705
30708
9621
1096
25178
1751
5557
2762
17008
8957
17989
15183
30336
4405
19116
30262
19898
21243
4414
22545
31671
29076
20994
32089
7519
32602
23224
11873
1290
17236
23578
1929
4581
17161
7267
29108
5784
7830
13070
32508
4901
29439
12768
32676
17939
14019
24360
25421
22733
17587
25926
14957
11077
2307
7018
27646
732
1186
19358
29555
8326
6855
6663
15088
553
23757
29031
26042
21319
18496
6375
7917
20701
11064
22292
16493
9355
8933
17959
26142
31476
26732
15753
16728
22888
24561
29846
16533
30401
7669
17058
24429
7050
22243
8249
12997
19815
27877
19883
1347
18864
4092
17096
6149
4960
9296
19433
23442
6190
25285
30768
13584
12537
26574
15632
9144
361
9350
29455
23176
31444
26109
4042
8759
1630
26319
16698
5998
6757
7932
20023
6453
16156
17907
24634
31660
18037
15088
6759
21243
15173
18312
8651
27275
19363
28803
31458
15479
12944
18665
24668
32061
25822
31583
30496
4026
1354
32180
914
30037
25580
8888
1041
3706
3281
32333
21700
16202
10726
20416
16535
19600
15383
26201
9088
1271
28601
13360
519
2683
4133
835
14853
20510
24230
198
12460
8156
20630
4794
8647
15584
30915
11201
29763
30200
8216
4401
14319
15431
20857
18279
12416
4666
23790
6238
4568
26301
5636
26752
20872
12462
20848
19899
12691
24209
26102
7384
26741
28294
13449
24840
2659
17017
31668
29120
6101
1177
31288
6855
21826
12299
9463
2702
20522
4575
29712
31423
13658
22083
2892
18200
23660
30198
16825
26234
11405
6144
19604
31293
16003
15265
4460
26567
24558
16007
25477
12381
23501
4931
12411
31544
11333
15358
24615
1500
31134
23912
27590
28325
2703
32242
28760
3491
2491
17725
16455
20392
17531
20434
14409
18334
18142
27411
23431
27166
30958
19826
31487
10047
8501
7904
27687
22188
28800
25992
4819
10746
31459
10942
16984
6456
16893
27698
14834
32199
13437
11626
16483
20332
18149
15727
8925
14243
2447
1222
6946
28470
24557
28577
24810
6671
15636
18519
27269
5450
2428
5650
8385
27535
5633
21447
2574
25503
16430
4972
12512
23852
11195
24933
18773
28654
13652
31807
23064
243
669
13472
27781
16951
21362
2430
2062
20596
30835
21648
31965
25403
4800
6914
16826
17220
257
22125
26928
31491
7594
18950
29163
30075
12925
14358
30309
32599
17744
2986
32706
24119
8720
19083
32760
29256
17926
25456
14130
5655
4185
11379
2167
12455
23508
9666
390
11713
26090
21655
6661
20619
9975
19050
28123
5212
32713
11365
30427
4047
24671
20248
2466
3606
19440
14958
6594
21137
24112
10719
2336
15007
13774
23784
1690
12725
26689
19384
16365
11181
25284
5165
27350
6496
23711
13054
27000
2934
16041
23866
3582
30589
9227
3569
16769
21305
22598
7216
4652
31291
30328
27955
27806
4533
3547
5847
1167
24205
28558
1614
12471
16816
2456
32534
15851
20137
29482
1580
32138
12402
3620
3453
4887
20618
25051
29597
17703
29767
4889
11195
21886
17518
7526
8661
9333
29441
12678
12072
9119
29528
23875
13035
23467
30835
24685
9020
2444
11663
21278
10843
5848
23799
322
9238
29038
31005
8023
3972
1628
15337
15474
18678
25600
20561
5507
8235
18285
14890
11737
7875
6415
28734
20713
4854
7315
23710
24907
12934
22529
14138
6405
27122
30251
28334
7948
11245
10315
4959
5640
21774
19176
30919
2136
30665
20985
269
21846
9374
16461
18137
988
656
11818
6502
7687
19417
9013
32473
31290
732
18321
12497
5478
29531
12363
18239
25225
21482
19190
1400
13173
7076
11410
32136
7891
24604
18355
32201
1895
20375
19935
31925
10390
7032
16439
30457
19493
26363
29529
29642
3395
3622
2694
9084
19658
22781
11776
19537
15042
28406
182
31119
6439
7852
6435
8405
7147
19927
372
12718
2623
9596
745
17255
1295
20065
16509
21790
5835
20932
25801
21532
28781
29260
26406
23653
30648
4416
11282
26508
2749
29687
1237
24012
7332
32144
21092
15701
4009
12515
20357
19428
28773
3766
17972
1686
30287
9269
13381
17406
28034
23964
9036
15477
28097
28983
14266
27825
696
30348
15176
1690
10628
32215
9881
25688
18294
15286
28186
12721
32276
7462
5678
16274
97
22446
21128
13803
19807
18906
13527
6080
29649
16363
11945
19838
17221
28877
27273
10635
3666
18249
16491
6944
25119
19324
18763
859
22308
16520
22032
24720
24373
19081
19894
17377